xof 0303txt 0032

template XSkinMeshHeader {
  <3cf169ce-ff7c-44ab-93c0-f78f62d172e2>
  WORD nMaxSkinWeightsPerVertex;
  WORD nMaxSkinWeightsPerFace;
  WORD nBones;
}

template SkinWeights {
  <6f0d123b-bad2-4167-a0d0-80224f25fabb>
  STRING transformNodeName;
  DWORD nWeights;
  array DWORD vertexIndices[nWeights];
  array float weights[nWeights];
  Matrix4x4 matrixOffset;
}

Frame Root {
  FrameTransformMatrix {
     1.000000, 0.000000, 0.000000, 0.000000,
     0.000000,-0.000000, 1.000000, 0.000000,
     0.000000, 1.000000, 0.000000, 0.000000,
     0.000000, 0.000000, 0.000000, 1.000000;;
  }
  Frame humanrig {
    FrameTransformMatrix {
      -1.453138,-0.000000, 0.000000, 0.000000,
       0.000000,-1.453138, 0.000000, 0.000000,
       0.000000, 0.000000, 1.453138, 0.000000,
       0.000000, 0.000000, 0.000000, 1.000000;;
    }
    Frame humanrig_hips {
      FrameTransformMatrix {
         0.987531, 0.153107, 0.036628, 0.000000,
        -0.005135,-0.201217, 0.979533, 0.000000,
         0.157344,-0.967507,-0.197922, 0.000000,
         0.000000, 0.000000, 0.739801, 1.000000;;
      }
      Frame humanrig_spine {
        FrameTransformMatrix {
           0.998627, 0.000868,-0.052384, 0.000000,
          -0.001173, 0.999983,-0.005793, 0.000000,
           0.052378, 0.005847, 0.998610, 0.000000,
           0.000000, 0.125283, 0.000000, 1.000000;;
        }
        Frame humanrig_chest {
          FrameTransformMatrix {
             0.992508, 0.117363, 0.033962, 0.000000,
            -0.118482, 0.856708, 0.502010, 0.000000,
             0.029822,-0.502273, 0.864195, 0.000000,
             0.000000, 0.170537, 0.000000, 1.000000;;
          }
          Frame humanrig_neck {
            FrameTransformMatrix {
               1.000000, 0.000000,-0.000000, 0.000000,
               0.000000, 0.999908, 0.013561, 0.000000,
               0.000000,-0.013561, 0.999908, 0.000000,
              -0.000000, 0.259149, 0.000097, 1.000000;;
            }
            Frame humanrig_head {
              FrameTransformMatrix {
                 1.000000,-0.000000, 0.000000, 0.000000,
                -0.000000, 1.000000,-0.000847, 0.000000,
                -0.000000, 0.000847, 1.000000, 0.000000,
                -0.000000, 0.390177, 0.000000, 1.000000;;
              }
            } // End of humanrig_head
          } // End of humanrig_neck
          Frame humanrig_shoulder_L {
            FrameTransformMatrix {
               0.024636,-0.012522, 0.999618, 0.000000,
               0.999536,-0.017619,-0.024854, 0.000000,
               0.017924, 0.999766, 0.012082, 0.000000,
               0.074670, 0.235241,-0.015794, 1.000000;;
            }
            Frame humanrig_upper_arm_L {
              FrameTransformMatrix {
                -0.100179, 0.060479,-0.993130, 0.000000,
                 0.465362, 0.885093, 0.006958, 0.000000,
                 0.879433,-0.461468,-0.116812, 0.000000,
                 0.002026, 0.070592, 0.001625, 1.000000;;
              }
              Frame humanrig_lower_arm_L {
                FrameTransformMatrix {
                   0.270795,-0.943543,-0.190778, 0.000000,
                   0.492787,-0.034372, 0.869471, 0.000000,
                  -0.826941,-0.329462, 0.455658, 0.000000,
                   0.000000, 0.586272, 0.000000, 1.000000;;
                }
                Frame humanrig_hand_L {
                  FrameTransformMatrix {
                     0.369715, 0.356595,-0.857992, 0.000000,
                     0.508222, 0.695427, 0.508027, 0.000000,
                     0.777831,-0.623876, 0.075880, 0.000000,
                     0.000000, 0.446664, 0.000000, 1.000000;;
                  }
                  Frame humanrig_Index_Proximal_L {
                    FrameTransformMatrix {
                      -0.981389,-0.176414,-0.075860, 0.000000,
                      -0.181618, 0.980999, 0.068227, 0.000000,
                       0.062382, 0.080735,-0.994782, 0.000000,
                      -0.031066, 0.091800,-0.004747, 1.000000;;
                    }
                    Frame humanrig_Index_Intermediate_L {
                      FrameTransformMatrix {
                         0.896382, 0.290729, 0.334629, 0.000000,
                        -0.187527, 0.932716,-0.308017, 0.000000,
                        -0.401663, 0.213349, 0.890589, 0.000000,
                        -0.000000, 0.069626,-0.000000, 1.000000;;
                      }
                      Frame humanrig_Index_Distal_L {
                        FrameTransformMatrix {
                           0.981504, 0.109587, 0.156973, 0.000000,
                          -0.090067, 0.987870,-0.126498, 0.000000,
                          -0.168932, 0.110020, 0.979468, 0.000000,
                          -0.000000, 0.045040,-0.000000, 1.000000;;
                        }
                      } // End of humanrig_Index_Distal_L
                    } // End of humanrig_Index_Intermediate_L
                  } // End of humanrig_Index_Proximal_L
                  Frame humanrig_Little_Proximal_L {
                    FrameTransformMatrix {
                      -0.985434, 0.160256,-0.056908, 0.000000,
                       0.157213, 0.986062, 0.054448, 0.000000,
                       0.064840, 0.044709,-0.996894, 0.000000,
                       0.026908, 0.087063,-0.007109, 1.000000;;
                    }
                    Frame humanrig_Little_Intermediate_L {
                      FrameTransformMatrix {
                         0.775972, 0.422446, 0.468409, 0.000000,
                        -0.013719, 0.753730,-0.657041, 0.000000,
                        -0.630618, 0.503419, 0.590669, 0.000000,
                        -0.000000, 0.074802,-0.000000, 1.000000;;
                      }
                      Frame humanrig_Little_Distal_L {
                        FrameTransformMatrix {
                           0.992719, 0.081923, 0.088299, 0.000000,
                          -0.077621, 0.995672,-0.051101, 0.000000,
                          -0.092103, 0.043875, 0.994782, 0.000000,
                           0.000000, 0.027876, 0.000000, 1.000000;;
                        }
                      } // End of humanrig_Little_Distal_L
                    } // End of humanrig_Little_Intermediate_L
                  } // End of humanrig_Little_Proximal_L
                  Frame humanrig_Middle_Proximal_L {
                    FrameTransformMatrix {
                      -0.994182,-0.094741,-0.051251, 0.000000,
                      -0.097247, 0.994061, 0.048841, 0.000000,
                       0.046319, 0.053541,-0.997491, 0.000000,
                      -0.003623, 0.092176,-0.008282, 1.000000;;
                    }
                    Frame humanrig_Middle_Intermediate_L {
                      FrameTransformMatrix {
                         0.866729, 0.284424, 0.409736, 0.000000,
                        -0.102286, 0.905375,-0.412109, 0.000000,
                        -0.488179, 0.315277, 0.813807, 0.000000,
                        -0.000000, 0.068187, 0.000000, 1.000000;;
                      }
                      Frame humanrig_Middle_Distal_L {
                        FrameTransformMatrix {
                           0.953892, 0.189850, 0.232479, 0.000000,
                          -0.148405, 0.971566,-0.184488, 0.000000,
                          -0.260893, 0.141481, 0.954944, 0.000000,
                          -0.000000, 0.049540, 0.000000, 1.000000;;
                        }
                      } // End of humanrig_Middle_Distal_L
                    } // End of humanrig_Middle_Intermediate_L
                  } // End of humanrig_Middle_Proximal_L
                  Frame humanrig_Ring_Proximal_L {
                    FrameTransformMatrix {
                      -0.999211, 0.032468,-0.022854, 0.000000,
                       0.031988, 0.999267, 0.021038, 0.000000,
                       0.023520, 0.020290,-0.999517, 0.000000,
                       0.011928, 0.090734,-0.008444, 1.000000;;
                    }
                    Frame humanrig_Ring_Intermediate_L {
                      FrameTransformMatrix {
                         0.823681, 0.320159, 0.468024, 0.000000,
                        -0.019403, 0.840792,-0.541010, 0.000000,
                        -0.566721, 0.436539, 0.698757, 0.000000,
                         0.000000, 0.069797,-0.000000, 1.000000;;
                      }
                      Frame humanrig_Ring_Distal_L {
                        FrameTransformMatrix {
                           0.980292, 0.130550, 0.148274, 0.000000,
                          -0.116459, 0.988142,-0.100066, 0.000000,
                          -0.159579, 0.080826, 0.983871, 0.000000,
                           0.000000, 0.044817,-0.000000, 1.000000;;
                        }
                      } // End of humanrig_Ring_Distal_L
                    } // End of humanrig_Ring_Intermediate_L
                  } // End of humanrig_Ring_Proximal_L
                  Frame humanrig_Thumb_Proximal_L {
                    FrameTransformMatrix {
                      -0.605099,-0.059400,-0.793931, 0.000000,
                      -0.738091, 0.415682, 0.531440, 0.000000,
                       0.298456, 0.907568,-0.295371, 0.000000,
                      -0.051326, 0.078922, 0.007287, 1.000000;;
                    }
                    Frame humanrig_Thumb_Intermediate_L {
                      FrameTransformMatrix {
                         0.653638, 0.239654,-0.717860, 0.000000,
                         0.032278, 0.938846, 0.342820, 0.000000,
                         0.756118,-0.247252, 0.605930, 0.000000,
                         0.000000, 0.041745,-0.000000, 1.000000;;
                      }
                      Frame humanrig_Thumb_Distal_L {
                        FrameTransformMatrix {
                           0.979884, 0.018946,-0.198667, 0.000000,
                          -0.001309, 0.996072, 0.088533, 0.000000,
                           0.199564,-0.086492, 0.976060, 0.000000,
                          -0.000000, 0.033446,-0.000000, 1.000000;;
                        }
                      } // End of humanrig_Thumb_Distal_L
                    } // End of humanrig_Thumb_Intermediate_L
                  } // End of humanrig_Thumb_Proximal_L
                } // End of humanrig_hand_L
              } // End of humanrig_lower_arm_L
            } // End of humanrig_upper_arm_L
          } // End of humanrig_shoulder_L
          Frame humanrig_shoulder_R {
            FrameTransformMatrix {
               0.024636, 0.012522,-0.999618, 0.000000,
              -0.999536,-0.017619,-0.024855, 0.000000,
              -0.017924, 0.999767, 0.012082, 0.000000,
              -0.074670, 0.235241,-0.015794, 1.000000;;
            }
            Frame humanrig_upper_arm_R {
              FrameTransformMatrix {
                -0.212401,-0.284446, 0.934867, 0.000000,
                -0.716230, 0.696136, 0.049083, 0.000000,
                -0.664756,-0.659154,-0.351589, 0.000000,
                -0.002025, 0.070592, 0.001625, 1.000000;;
              }
              Frame humanrig_lower_arm_R {
                FrameTransformMatrix {
                   0.590408, 0.782380, 0.198244, 0.000000,
                  -0.500489, 0.162201, 0.850413, 0.000000,
                   0.633190,-0.601309, 0.487337, 0.000000,
                  -0.000000, 0.586272,-0.000000, 1.000000;;
                }
                Frame humanrig_hand_R {
                  FrameTransformMatrix {
                    -0.029142,-0.050800, 0.998284, 0.000000,
                    -0.050029, 0.997530, 0.049301, 0.000000,
                    -0.998322,-0.048507,-0.031612, 0.000000,
                     0.000000, 0.446664,-0.000000, 1.000000;;
                  }
                  Frame humanrig_Index_Proximal_R {
                    FrameTransformMatrix {
                      -0.981389, 0.176414, 0.075860, 0.000000,
                       0.181618, 0.980999, 0.068227, 0.000000,
                      -0.062382, 0.080735,-0.994781, 0.000000,
                       0.031066, 0.091800,-0.004747, 1.000000;;
                    }
                    Frame humanrig_Index_Intermediate_R {
                      FrameTransformMatrix {
                         0.896382,-0.290729,-0.334629, 0.000000,
                         0.187527, 0.932716,-0.308017, 0.000000,
                         0.401663, 0.213349, 0.890589, 0.000000,
                        -0.000000, 0.069626,-0.000000, 1.000000;;
                      }
                      Frame humanrig_Index_Distal_R {
                        FrameTransformMatrix {
                           0.981504,-0.109587,-0.156973, 0.000000,
                           0.090067, 0.987870,-0.126498, 0.000000,
                           0.168932, 0.110020, 0.979468, 0.000000,
                          -0.000000, 0.045040, 0.000000, 1.000000;;
                        }
                      } // End of humanrig_Index_Distal_R
                    } // End of humanrig_Index_Intermediate_R
                  } // End of humanrig_Index_Proximal_R
                  Frame humanrig_Little_Proximal_R {
                    FrameTransformMatrix {
                      -0.985434,-0.160256, 0.056908, 0.000000,
                      -0.157213, 0.986062, 0.054448, 0.000000,
                      -0.064840, 0.044708,-0.996894, 0.000000,
                      -0.026908, 0.087063,-0.007109, 1.000000;;
                    }
                    Frame humanrig_Little_Intermediate_R {
                      FrameTransformMatrix {
                         0.775972,-0.422446,-0.468409, 0.000000,
                         0.013719, 0.753730,-0.657041, 0.000000,
                         0.630618, 0.503419, 0.590669, 0.000000,
                         0.000000, 0.074802,-0.000000, 1.000000;;
                      }
                      Frame humanrig_Little_Distal_R {
                        FrameTransformMatrix {
                           0.992720,-0.081923,-0.088299, 0.000000,
                           0.077621, 0.995672,-0.051101, 0.000000,
                           0.092103, 0.043875, 0.994782, 0.000000,
                          -0.000000, 0.027876, 0.000000, 1.000000;;
                        }
                      } // End of humanrig_Little_Distal_R
                    } // End of humanrig_Little_Intermediate_R
                  } // End of humanrig_Little_Proximal_R
                  Frame humanrig_Middle_Proximal_R {
                    FrameTransformMatrix {
                      -0.994182, 0.094741, 0.051251, 0.000000,
                       0.097247, 0.994061, 0.048841, 0.000000,
                      -0.046319, 0.053541,-0.997491, 0.000000,
                       0.003623, 0.092176,-0.008282, 1.000000;;
                    }
                    Frame humanrig_Middle_Intermediate_R {
                      FrameTransformMatrix {
                         0.866729,-0.284424,-0.409737, 0.000000,
                         0.102286, 0.905375,-0.412109, 0.000000,
                         0.488179, 0.315277, 0.813807, 0.000000,
                         0.000000, 0.068187,-0.000000, 1.000000;;
                      }
                      Frame humanrig_Middle_Distal_R {
                        FrameTransformMatrix {
                           0.953892,-0.189850,-0.232479, 0.000000,
                           0.148405, 0.971566,-0.184488, 0.000000,
                           0.260893, 0.141481, 0.954944, 0.000000,
                          -0.000000, 0.049540, 0.000000, 1.000000;;
                        }
                      } // End of humanrig_Middle_Distal_R
                    } // End of humanrig_Middle_Intermediate_R
                  } // End of humanrig_Middle_Proximal_R
                  Frame humanrig_Ring_Proximal_R {
                    FrameTransformMatrix {
                      -0.999211,-0.032467, 0.022854, 0.000000,
                      -0.031988, 0.999267, 0.021038, 0.000000,
                      -0.023520, 0.020290,-0.999517, 0.000000,
                      -0.011928, 0.090734,-0.008444, 1.000000;;
                    }
                    Frame humanrig_Ring_Intermediate_R {
                      FrameTransformMatrix {
                         0.823681,-0.320159,-0.468024, 0.000000,
                         0.019403, 0.840793,-0.541010, 0.000000,
                         0.566721, 0.436539, 0.698757, 0.000000,
                         0.000000, 0.069797, 0.000000, 1.000000;;
                      }
                      Frame humanrig_Ring_Distal_R {
                        FrameTransformMatrix {
                           0.980292,-0.130550,-0.148274, 0.000000,
                           0.116459, 0.988142,-0.100066, 0.000000,
                           0.159579, 0.080826, 0.983871, 0.000000,
                           0.000000, 0.044817, 0.000000, 1.000000;;
                        }
                      } // End of humanrig_Ring_Distal_R
                    } // End of humanrig_Ring_Intermediate_R
                  } // End of humanrig_Ring_Proximal_R
                  Frame humanrig_Thumb_Proximal_R {
                    FrameTransformMatrix {
                      -0.605099, 0.059400, 0.793931, 0.000000,
                       0.738091, 0.415682, 0.531440, 0.000000,
                      -0.298456, 0.907568,-0.295371, 0.000000,
                       0.051326, 0.078922, 0.007287, 1.000000;;
                    }
                    Frame humanrig_Thumb_Intermediate_R {
                      FrameTransformMatrix {
                         0.653638,-0.239654, 0.717860, 0.000000,
                        -0.032278, 0.938846, 0.342820, 0.000000,
                        -0.756118,-0.247252, 0.605930, 0.000000,
                         0.000000, 0.041745, 0.000000, 1.000000;;
                      }
                      Frame humanrig_Thumb_Distal_R {
                        FrameTransformMatrix {
                           0.979884,-0.018946, 0.198667, 0.000000,
                           0.001309, 0.996072, 0.088533, 0.000000,
                          -0.199564,-0.086492, 0.976060, 0.000000,
                          -0.000000, 0.033446,-0.000000, 1.000000;;
                        }
                      } // End of humanrig_Thumb_Distal_R
                    } // End of humanrig_Thumb_Intermediate_R
                  } // End of humanrig_Thumb_Proximal_R
                } // End of humanrig_hand_R
              } // End of humanrig_lower_arm_R
            } // End of humanrig_upper_arm_R
          } // End of humanrig_shoulder_R
        } // End of humanrig_chest
      } // End of humanrig_spine
      Frame humanrig_upper_leg_L {
        FrameTransformMatrix {
           1.000000,-0.000000, 0.000000, 0.000000,
           0.000000,-0.999797,-0.020161, 0.000000,
           0.000000, 0.020161,-0.999828, 0.000000,
           0.199821,-0.002737, 0.000327, 1.000000;;
        }
        Frame humanrig_lower_leg_L {
          FrameTransformMatrix {
             1.000000,-0.000000,-0.000000, 0.000000,
             0.000000, 0.999996, 0.002718, 0.000000,
             0.000000,-0.002718, 0.999996, 0.000000,
            -0.000000, 0.358104,-0.000000, 1.000000;;
          }
          Frame humanrig_foot_L {
            FrameTransformMatrix {
               1.000000,-0.000001,-0.000000, 0.000000,
               0.000000, 0.361968,-0.932191, 0.000000,
               0.000001, 0.932191, 0.361968, 0.000000,
               0.000000, 0.331530,-0.000000, 1.000000;;
            }
            Frame humanrig_toe_L {
              FrameTransformMatrix {
                -1.000000, 0.000001, 0.000003, 0.000000,
                 0.000000, 0.954719,-0.297512, 0.000000,
                -0.000003,-0.297512,-0.954718, 0.000000,
                -0.000000, 0.106157, 0.000000, 1.000000;;
              }
            } // End of humanrig_toe_L
          } // End of humanrig_foot_L
        } // End of humanrig_lower_leg_L
      } // End of humanrig_upper_leg_L
      Frame humanrig_upper_leg_R {
        FrameTransformMatrix {
           1.000000,-0.000000,-0.000000, 0.000000,
           0.000000,-0.999797,-0.020161, 0.000000,
           0.000000, 0.020161,-0.999827, 0.000000,
          -0.199821,-0.002737, 0.000327, 1.000000;;
        }
        Frame humanrig_lower_leg_R {
          FrameTransformMatrix {
             1.000000,-0.000000,-0.000000, 0.000000,
             0.000000, 0.999996, 0.002718, 0.000000,
             0.000000,-0.002718, 0.999996, 0.000000,
            -0.000000, 0.358104, 0.000000, 1.000000;;
          }
          Frame humanrig_foot_R {
            FrameTransformMatrix {
               1.000000, 0.000001, 0.000000, 0.000000,
              -0.000000, 0.361967,-0.932191, 0.000000,
              -0.000001, 0.932191, 0.361967, 0.000000,
               0.000000, 0.331530,-0.000000, 1.000000;;
            }
            Frame humanrig_toe_R {
              FrameTransformMatrix {
                -1.000000,-0.000001,-0.000003, 0.000000,
                -0.000000, 0.954719,-0.297512, 0.000000,
                 0.000003,-0.297512,-0.954718, 0.000000,
                 0.000000, 0.106158, 0.000000, 1.000000;;
              }
            } // End of humanrig_toe_R
          } // End of humanrig_foot_R
        } // End of humanrig_lower_leg_R
      } // End of humanrig_upper_leg_R
    } // End of humanrig_hips
    Frame dowarf_wepon {
      FrameTransformMatrix {
        -0.000000,-0.742945, 0.000000, 0.000000,
        -0.000000, 0.000000, 0.742945, 0.000000,
        -0.742945, 0.000000,-0.000000, 0.000000,
         0.034095,-0.035664,-0.086376, 1.000000;;
      }
      Mesh { // dowarf_wepon mesh
        3828;
        -0.537368; 0.991389; 0.072649;,
        -0.537368; 0.891389; 0.072649;,
        -0.537368; 0.891389; 0.572649;,
        -0.537368; 0.991389;-0.127351;,
        -0.537368; 0.891389;-0.627351;,
        -0.537368; 0.891389;-0.127351;,
        -0.537368; 1.691389; 0.572649;,
        -0.537368; 0.991389; 0.072649;,
        -0.537368; 0.891389; 0.572649;,
        -0.537368; 1.691389; 0.572649;,
        -0.537368; 0.991389;-0.127351;,
        -0.537368; 0.991389; 0.072649;,
        -0.537368; 1.691389;-0.627351;,
        -0.537368; 0.891389;-0.627351;,
        -0.537368; 0.991389;-0.127351;,
        -0.537368; 1.691389;-0.627351;,
        -0.537368; 0.991389;-0.127351;,
        -0.537368; 1.691389; 0.572649;,
        -0.537368; 1.791389; 0.472649;,
        -0.537368; 1.691389; 0.572649;,
        -0.537368; 1.691389; 0.672649;,
        -0.537368; 1.791389; 0.472649;,
        -0.537368; 1.691389;-0.727351;,
        -0.537368; 1.691389;-0.627351;,
        -0.537368; 1.791389; 0.472649;,
        -0.537368; 1.691389;-0.627351;,
        -0.537368; 1.691389; 0.572649;,
        -0.537368; 1.791389;-0.527351;,
        -0.537368; 1.691389;-0.727351;,
        -0.537368; 1.791389; 0.472649;,
        -0.537368; 1.891389; 0.672649;,
        -0.537368; 1.791389; 0.472649;,
        -0.537368; 1.691389; 0.672649;,
        -0.537368; 1.891389;-0.727351;,
        -0.537368; 1.691389;-0.727351;,
        -0.537368; 1.791389;-0.527351;,
        -0.537368; 2.091389; 0.772649;,
        -0.537368; 1.891389; 0.672649;,
        -0.537368; 1.891389; 0.772649;,
        -0.537368; 2.091389; 0.472649;,
        -0.537368; 1.791389; 0.472649;,
        -0.537368; 1.891389; 0.672649;,
        -0.537368; 2.091389; 0.472649;,
        -0.537368; 1.891389; 0.672649;,
        -0.537368; 2.091389; 0.772649;,
        -0.537368; 2.091389;-0.527351;,
        -0.537368; 1.891389;-0.827351;,
        -0.537368; 1.891389;-0.727351;,
        -0.537368; 2.091389;-0.527351;,
        -0.537368; 1.891389;-0.727351;,
        -0.537368; 1.791389;-0.527351;,
        -0.537368; 2.091389;-0.827351;,
        -0.537368; 1.891389;-0.827351;,
        -0.537368; 2.091389;-0.527351;,
        -0.537368; 3.191389; 0.572649;,
        -0.537368; 2.891389;-0.627351;,
        -0.537368; 2.891389; 0.572649;,
        -0.537368; 3.191389;-0.627351;,
        -0.537368; 2.891389;-0.627351;,
        -0.537368; 3.191389; 0.572649;,
        -0.437368; 0.991389; 0.072649;,
        -0.437368; 0.891389;-0.127351;,
        -0.437368; 0.891389; 0.072649;,
        -0.437368; 0.991389;-0.127351;,
        -0.437368; 0.891389;-0.127351;,
        -0.437368; 0.991389; 0.072649;,
        -0.437368; 1.691389; 0.672649;,
        -0.437368; 0.891389; 0.572649;,
        -0.437368; 0.891389; 0.672649;,
        -0.437368; 1.691389; 0.572649;,
        -0.437368; 0.891389; 0.572649;,
        -0.437368; 1.691389; 0.672649;,
        -0.437368; 1.691389;-0.627351;,
        -0.437368; 0.891389;-0.727351;,
        -0.437368; 0.891389;-0.627351;,
        -0.437368; 1.691389;-0.727351;,
        -0.437368; 0.891389;-0.727351;,
        -0.437368; 1.691389;-0.627351;,
        -0.437368; 1.991389; 0.472649;,
        -0.437368; 1.791389;-0.527351;,
        -0.437368; 1.791389; 0.472649;,
        -0.437368; 1.991389;-0.527351;,
        -0.437368; 1.791389;-0.527351;,
        -0.437368; 1.991389; 0.472649;,
        -0.437368; 2.891389; 0.472649;,
        -0.437368; 2.191389;-0.527351;,
        -0.437368; 2.191389; 0.472649;,
        -0.437368; 2.891389;-0.527351;,
        -0.437368; 2.191389;-0.527351;,
        -0.437368; 2.891389; 0.472649;,
        -0.437368; 3.291389; 0.472649;,
        -0.437368; 3.191389;-0.527351;,
        -0.437368; 3.191389; 0.472649;,
        -0.437368; 3.291389;-0.527351;,
        -0.437368; 3.191389;-0.527351;,
        -0.437368; 3.291389; 0.472649;,
        -0.337368; 2.191389; 0.372649;,
        -0.337368; 1.991389;-0.427351;,
        -0.337368; 1.991389; 0.372649;,
        -0.337368; 2.191389;-0.427351;,
        -0.337368; 1.991389;-0.427351;,
        -0.337368; 2.191389; 0.372649;,
        -0.337368; 3.391389; 0.372649;,
        -0.337368; 3.291389;-0.427351;,
        -0.337368; 3.291389; 0.372649;,
        -0.337368; 3.391389;-0.427351;,
        -0.337368; 3.291389;-0.427351;,
        -0.337368; 3.391389; 0.372649;,
        -0.237368; 3.491389; 0.272649;,
        -0.237368; 3.391389;-0.327351;,
        -0.237368; 3.391389; 0.272649;,
        -0.237368; 3.491389;-0.327351;,
        -0.237368; 3.391389;-0.327351;,
        -0.237368; 3.491389; 0.272649;,
        -0.137368; 0.791389; 0.472649;,
        -0.137368;-0.008611; 0.072649;,
        -0.137368;-0.008611; 0.472649;,
        -0.137368; 0.791389; 0.072649;,
        -0.137368;-0.008611; 0.072649;,
        -0.137368; 0.791389; 0.472649;,
        -0.137368; 0.791389;-0.127351;,
        -0.137368;-0.008611;-0.527351;,
        -0.137368;-0.008611;-0.127351;,
        -0.137368; 0.791389;-0.527351;,
        -0.137368;-0.008611;-0.527351;,
        -0.137368; 0.791389;-0.127351;,
        -0.137368; 1.591389; 1.672649;,
        -0.137368; 1.391389; 1.072649;,
        -0.137368; 1.391389; 1.672649;,
        -0.137368; 1.591389;-2.427351;,
        -0.137368; 1.391389;-2.427351;,
        -0.137368; 1.391389;-1.227351;,
        -0.137368; 1.891389; 1.972649;,
        -0.137368; 1.591389; 1.672649;,
        -0.137368; 1.591389; 1.972649;,
        -0.137368; 1.891389; 1.072649;,
        -0.137368; 1.391389; 0.672649;,
        -0.137368; 1.391389; 1.072649;,
        -0.137368; 1.891389; 1.072649;,
        -0.137368; 1.591389; 1.672649;,
        -0.137368; 1.891389; 1.972649;,
        -0.137368; 1.891389; 1.072649;,
        -0.137368; 1.391389; 1.072649;,
        -0.137368; 1.591389; 1.672649;,
        -0.137368; 1.891389; 0.772649;,
        -0.137368; 1.391389; 0.672649;,
        -0.137368; 1.891389; 1.072649;,
        -0.137368; 1.891389; 0.672649;,
        -0.137368; 1.391389; 0.672649;,
        -0.137368; 1.891389; 0.772649;,
        -0.137368; 1.891389;-0.727351;,
        -0.137368; 1.391389;-1.227351;,
        -0.137368; 1.391389;-0.727351;,
        -0.137368; 1.891389;-0.827351;,
        -0.137368; 1.391389;-1.227351;,
        -0.137368; 1.891389;-0.727351;,
        -0.137368; 1.891389;-1.227351;,
        -0.137368; 1.591389;-2.727351;,
        -0.137368; 1.591389;-2.427351;,
        -0.137368; 1.891389;-1.227351;,
        -0.137368; 1.391389;-1.227351;,
        -0.137368; 1.891389;-0.827351;,
        -0.137368; 1.891389;-1.227351;,
        -0.137368; 1.591389;-2.427351;,
        -0.137368; 1.391389;-1.227351;,
        -0.137368; 1.891389;-2.727351;,
        -0.137368; 1.591389;-2.727351;,
        -0.137368; 1.891389;-1.227351;,
        -0.037368; 0.891389; 0.472649;,
        -0.037368; 0.791389; 0.072649;,
        -0.037368; 0.791389; 0.472649;,
        -0.037368; 0.891389; 0.072649;,
        -0.037368; 0.791389; 0.072649;,
        -0.037368; 0.891389; 0.472649;,
        -0.037368; 0.891389;-0.127351;,
        -0.037368; 0.791389;-0.527351;,
        -0.037368; 0.791389;-0.127351;,
        -0.037368; 0.891389;-0.527351;,
        -0.037368; 0.791389;-0.527351;,
        -0.037368; 0.891389;-0.127351;,
        -0.037368; 3.391389; 0.472649;,
        -0.037368; 3.291389; 0.372649;,
        -0.037368; 3.291389; 0.472649;,
        -0.037368; 3.391389; 0.372649;,
        -0.037368; 3.291389; 0.372649;,
        -0.037368; 3.391389; 0.472649;,
        -0.037368; 3.391389;-0.427351;,
        -0.037368; 3.291389;-0.527351;,
        -0.037368; 3.291389;-0.427351;,
        -0.037368; 3.391389;-0.527351;,
        -0.037368; 3.291389;-0.527351;,
        -0.037368; 3.391389;-0.427351;,
        -0.037368; 3.491389; 0.672649;,
        -0.037368; 3.391389; 0.272649;,
        -0.037368; 3.391389; 0.372649;,
        -0.037368; 3.491389; 0.672649;,
        -0.037368; 3.391389; 0.472649;,
        -0.037368; 3.391389; 0.672649;,
        -0.037368; 3.491389; 0.672649;,
        -0.037368; 3.391389; 0.372649;,
        -0.037368; 3.391389; 0.472649;,
        -0.037368; 3.491389; 0.472649;,
        -0.037368; 3.391389; 0.272649;,
        -0.037368; 3.491389; 0.672649;,
        -0.037368; 3.491389; 0.272649;,
        -0.037368; 3.391389; 0.272649;,
        -0.037368; 3.491389; 0.472649;,
        -0.037368; 3.491389;-0.327351;,
        -0.037368; 3.391389;-0.527351;,
        -0.037368; 3.391389;-0.427351;,
        -0.037368; 3.491389;-0.327351;,
        -0.037368; 3.391389;-0.727351;,
        -0.037368; 3.391389;-0.527351;,
        -0.037368; 3.491389;-0.327351;,
        -0.037368; 3.391389;-0.427351;,
        -0.037368; 3.391389;-0.327351;,
        -0.037368; 3.491389;-0.527351;,
        -0.037368; 3.391389;-0.727351;,
        -0.037368; 3.491389;-0.327351;,
        -0.037368; 3.491389;-0.727351;,
        -0.037368; 3.391389;-0.727351;,
        -0.037368; 3.491389;-0.527351;,
        -0.037368; 3.591389; 0.572649;,
        -0.037368; 3.491389; 0.472649;,
        -0.037368; 3.491389; 0.672649;,
        -0.037368; 3.591389; 0.572649;,
        -0.037368; 3.491389; 0.672649;,
        -0.037368; 3.491389; 0.772649;,
        -0.037368; 3.591389; 0.472649;,
        -0.037368; 3.491389; 0.472649;,
        -0.037368; 3.591389; 0.572649;,
        -0.037368; 3.591389; 0.072649;,
        -0.037368; 3.491389;-0.127351;,
        -0.037368; 3.491389; 0.072649;,
        -0.037368; 3.591389;-0.127351;,
        -0.037368; 3.491389;-0.127351;,
        -0.037368; 3.591389; 0.072649;,
        -0.037368; 3.591389;-0.527351;,
        -0.037368; 3.491389;-0.827351;,
        -0.037368; 3.491389;-0.727351;,
        -0.037368; 3.591389;-0.527351;,
        -0.037368; 3.491389;-0.727351;,
        -0.037368; 3.491389;-0.527351;,
        -0.037368; 3.591389;-0.627351;,
        -0.037368; 3.491389;-0.827351;,
        -0.037368; 3.591389;-0.527351;,
        -0.037368; 3.791389; 0.772649;,
        -0.037368; 3.591389; 0.572649;,
        -0.037368; 3.491389; 0.772649;,
        -0.037368; 3.791389; 0.672649;,
        -0.037368; 3.591389; 0.572649;,
        -0.037368; 3.791389; 0.772649;,
        -0.037368; 3.791389; 0.572649;,
        -0.037368; 3.591389; 0.572649;,
        -0.037368; 3.791389; 0.672649;,
        -0.037368; 3.791389;-0.627351;,
        -0.037368; 3.491389;-0.827351;,
        -0.037368; 3.591389;-0.627351;,
        -0.037368; 3.791389;-0.727351;,
        -0.037368; 3.491389;-0.827351;,
        -0.037368; 3.791389;-0.627351;,
        -0.037368; 3.791389;-0.827351;,
        -0.037368; 3.491389;-0.827351;,
        -0.037368; 3.791389;-0.727351;,
        -0.037368; 3.891389; 0.672649;,
        -0.037368; 3.791389; 0.472649;,
        -0.037368; 3.791389; 0.572649;,
        -0.037368; 3.891389; 0.672649;,
        -0.037368; 3.791389; 0.572649;,
        -0.037368; 3.791389; 0.672649;,
        -0.037368; 3.891389; 0.472649;,
        -0.037368; 3.791389; 0.472649;,
        -0.037368; 3.891389; 0.672649;,
        -0.037368; 3.891389;-0.527351;,
        -0.037368; 3.791389;-0.727351;,
        -0.037368; 3.791389;-0.627351;,
        -0.037368; 3.891389;-0.527351;,
        -0.037368; 3.791389;-0.627351;,
        -0.037368; 3.791389;-0.527351;,
        -0.037368; 3.891389;-0.727351;,
        -0.037368; 3.791389;-0.727351;,
        -0.037368; 3.891389;-0.527351;,
         0.262632; 2.891389; 2.372649;,
         0.262632; 2.791389; 2.272649;,
         0.262632; 2.791389; 2.372649;,
         0.262632; 2.891389; 1.172649;,
         0.262632; 2.791389; 1.172649;,
         0.262632; 2.791389; 1.272649;,
         0.262632; 2.991389; 2.472649;,
         0.262632; 2.891389; 2.372649;,
         0.262632; 2.891389; 2.472649;,
         0.262632; 2.991389; 2.272649;,
         0.262632; 2.791389; 2.272649;,
         0.262632; 2.891389; 2.372649;,
         0.262632; 2.991389; 2.272649;,
         0.262632; 2.891389; 2.372649;,
         0.262632; 2.991389; 2.472649;,
         0.262632; 2.991389; 1.272649;,
         0.262632; 2.891389; 1.072649;,
         0.262632; 2.891389; 1.172649;,
         0.262632; 2.991389; 1.272649;,
         0.262632; 2.891389; 1.172649;,
         0.262632; 2.791389; 1.272649;,
         0.262632; 2.991389; 1.072649;,
         0.262632; 2.891389; 1.072649;,
         0.262632; 2.991389; 1.272649;,
         0.262632; 3.091389; 2.572649;,
         0.262632; 2.991389; 2.172649;,
         0.262632; 2.991389; 2.272649;,
         0.262632; 3.091389; 2.572649;,
         0.262632; 2.991389; 2.472649;,
         0.262632; 2.991389; 2.572649;,
         0.262632; 3.091389; 2.572649;,
         0.262632; 2.991389; 2.272649;,
         0.262632; 2.991389; 2.472649;,
         0.262632; 3.091389; 2.172649;,
         0.262632; 2.991389; 2.172649;,
         0.262632; 3.091389; 2.572649;,
         0.262632; 3.091389; 1.372649;,
         0.262632; 2.991389; 0.972649;,
         0.262632; 2.991389; 1.072649;,
         0.262632; 3.091389; 1.372649;,
         0.262632; 2.991389; 1.072649;,
         0.262632; 2.991389; 1.272649;,
         0.262632; 3.091389; 1.372649;,
         0.262632; 2.991389; 1.272649;,
         0.262632; 2.991389; 1.372649;,
         0.262632; 3.091389; 0.972649;,
         0.262632; 2.991389; 0.972649;,
         0.262632; 3.091389; 1.372649;,
         0.262632; 3.191389; 2.672649;,
         0.262632; 3.091389; 2.072649;,
         0.262632; 3.091389; 2.172649;,
         0.262632; 3.191389; 2.672649;,
         0.262632; 3.091389; 2.172649;,
         0.262632; 3.091389; 2.572649;,
         0.262632; 3.191389; 2.672649;,
         0.262632; 3.091389; 2.572649;,
         0.262632; 3.091389; 2.672649;,
         0.262632; 3.191389; 2.072649;,
         0.262632; 3.091389; 2.072649;,
         0.262632; 3.191389; 2.672649;,
         0.262632; 3.191389; 1.472649;,
         0.262632; 3.091389; 0.872649;,
         0.262632; 3.091389; 0.972649;,
         0.262632; 3.191389; 1.472649;,
         0.262632; 3.091389; 0.972649;,
         0.262632; 3.091389; 1.372649;,
         0.262632; 3.191389; 1.472649;,
         0.262632; 3.091389; 1.372649;,
         0.262632; 3.091389; 1.472649;,
         0.262632; 3.191389; 0.872649;,
         0.262632; 3.091389; 0.872649;,
         0.262632; 3.191389; 1.472649;,
         0.262632; 3.291389; 2.772649;,
         0.262632; 3.191389; 1.972649;,
         0.262632; 3.191389; 2.072649;,
         0.262632; 3.291389; 2.772649;,
         0.262632; 3.191389; 2.072649;,
         0.262632; 3.191389; 2.672649;,
         0.262632; 3.291389; 2.772649;,
         0.262632; 3.191389; 2.672649;,
         0.262632; 3.191389; 2.772649;,
         0.262632; 3.291389; 1.972649;,
         0.262632; 3.191389; 1.972649;,
         0.262632; 3.291389; 2.772649;,
         0.262632; 3.291389; 1.572649;,
         0.262632; 3.191389; 0.772649;,
         0.262632; 3.191389; 0.872649;,
         0.262632; 3.291389; 1.572649;,
         0.262632; 3.191389; 0.872649;,
         0.262632; 3.191389; 1.472649;,
         0.262632; 3.291389; 1.572649;,
         0.262632; 3.191389; 1.472649;,
         0.262632; 3.191389; 1.572649;,
         0.262632; 3.291389; 0.772649;,
         0.262632; 3.191389; 0.772649;,
         0.262632; 3.291389; 1.572649;,
         0.262632; 3.391389; 2.872649;,
         0.262632; 3.291389; 1.872649;,
         0.262632; 3.291389; 1.972649;,
         0.262632; 3.391389; 2.872649;,
         0.262632; 3.291389; 1.972649;,
         0.262632; 3.291389; 2.772649;,
         0.262632; 3.391389; 2.872649;,
         0.262632; 3.291389; 2.772649;,
         0.262632; 3.291389; 2.872649;,
         0.262632; 3.391389; 1.872649;,
         0.262632; 3.291389; 1.872649;,
         0.262632; 3.391389; 2.872649;,
         0.262632; 3.391389; 1.672649;,
         0.262632; 3.291389; 0.672649;,
         0.262632; 3.291389; 0.772649;,
         0.262632; 3.391389; 1.672649;,
         0.262632; 3.291389; 0.772649;,
         0.262632; 3.291389; 1.572649;,
         0.262632; 3.391389; 1.672649;,
         0.262632; 3.291389; 1.572649;,
         0.262632; 3.291389; 1.672649;,
         0.262632; 3.391389; 0.672649;,
         0.262632; 3.291389; 0.672649;,
         0.262632; 3.391389; 1.672649;,
         0.262632; 3.391389; 0.172649;,
         0.262632; 3.291389;-0.227351;,
         0.262632; 3.291389; 0.172649;,
         0.262632; 3.391389;-0.227351;,
         0.262632; 3.291389;-0.227351;,
         0.262632; 3.391389; 0.172649;,
         0.262632; 3.591389; 1.872649;,
         0.262632; 3.391389; 0.572649;,
         0.262632; 3.391389; 0.672649;,
         0.262632; 3.591389; 1.872649;,
         0.262632; 3.391389; 1.872649;,
         0.262632; 3.391389; 2.872649;,
         0.262632; 3.591389; 1.872649;,
         0.262632; 3.391389; 2.872649;,
         0.262632; 3.391389; 2.972649;,
         0.262632; 3.591389; 1.872649;,
         0.262632; 3.391389; 0.672649;,
         0.262632; 3.391389; 1.672649;,
         0.262632; 3.591389; 1.872649;,
         0.262632; 3.391389; 1.672649;,
         0.262632; 3.391389; 1.872649;,
         0.262632; 3.591389; 1.672649;,
         0.262632; 3.391389; 0.572649;,
         0.262632; 3.591389; 1.872649;,
         0.262632; 3.691389; 2.972649;,
         0.262632; 3.591389; 1.872649;,
         0.262632; 3.391389; 2.972649;,
         0.262632; 3.691389; 2.872649;,
         0.262632; 3.591389; 1.872649;,
         0.262632; 3.691389; 2.972649;,
         0.262632; 3.691389; 1.972649;,
         0.262632; 3.591389; 1.872649;,
         0.262632; 3.691389; 2.872649;,
         0.262632; 3.691389; 1.872649;,
         0.262632; 3.591389; 1.872649;,
         0.262632; 3.691389; 1.972649;,
         0.262632; 3.691389; 1.672649;,
         0.262632; 3.391389; 0.572649;,
         0.262632; 3.591389; 1.672649;,
         0.262632; 3.691389; 1.572649;,
         0.262632; 3.391389; 0.572649;,
         0.262632; 3.691389; 1.672649;,
         0.262632; 3.691389; 0.672649;,
         0.262632; 3.391389; 0.572649;,
         0.262632; 3.691389; 1.572649;,
         0.262632; 3.691389; 0.572649;,
         0.262632; 3.391389; 0.572649;,
         0.262632; 3.691389; 0.672649;,
         0.262632; 3.791389; 2.872649;,
         0.262632; 3.691389; 1.972649;,
         0.262632; 3.691389; 2.872649;,
         0.262632; 3.791389; 2.772649;,
         0.262632; 3.691389; 1.972649;,
