xof 0303txt 0032

template XSkinMeshHeader {
  <3cf169ce-ff7c-44ab-93c0-f78f62d172e2>
  WORD nMaxSkinWeightsPerVertex;
  WORD nMaxSkinWeightsPerFace;
  WORD nBones;
}

template SkinWeights {
  <6f0d123b-bad2-4167-a0d0-80224f25fabb>
  STRING transformNodeName;
  DWORD nWeights;
  array DWORD vertexIndices[nWeights];
  array float weights[nWeights];
  Matrix4x4 matrixOffset;
}

Frame Root {
  FrameTransformMatrix {
     1.000000, 0.000000, 0.000000, 0.000000,
     0.000000,-0.000000, 1.000000, 0.000000,
     0.000000, 1.000000, 0.000000, 0.000000,
     0.000000, 0.000000, 0.000000, 1.000000;;
  }
  Frame humanrig {
    FrameTransformMatrix {
      -1.388752,-0.000000, 0.000000, 0.000000,
       0.000000,-1.388752, 0.000000, 0.000000,
       0.000000, 0.000000, 1.388752, 0.000000,
       0.000000, 0.000000, 0.000000, 1.000000;;
    }
    Frame humanrig_hips {
      FrameTransformMatrix {
         1.000000, 0.000000,-0.000000, 0.000000,
         0.000000, 0.016565, 0.999863, 0.000000,
         0.000000,-0.999863, 0.016565, 0.000000,
         0.000000, 0.000000, 0.739801, 1.000000;;
      }
      Frame humanrig_spine {
        FrameTransformMatrix {
           1.000000,-0.000000, 0.000000, 0.000000,
           0.000000, 0.999983,-0.005824, 0.000000,
           0.000000, 0.005824, 0.999983, 0.000000,
          -0.000000, 0.125283, 0.000000, 1.000000;;
        }
        Frame humanrig_chest {
          FrameTransformMatrix {
             1.000000, 0.000000, 0.000000, 0.000000,
            -0.000000, 0.999953, 0.009675, 0.000000,
             0.000000,-0.009675, 0.999953, 0.000000,
            -0.000000, 0.170537, 0.000000, 1.000000;;
          }
          Frame humanrig_neck {
            FrameTransformMatrix {
               1.000000, 0.000000, 0.000000, 0.000000,
              -0.000000, 0.999832, 0.018315, 0.000000,
               0.000000,-0.018315, 0.999832, 0.000000,
              -0.000000, 0.259149, 0.000096, 1.000000;;
            }
            Frame humanrig_head {
              FrameTransformMatrix {
                 0.867366,-0.002788,-0.497663, 0.000000,
                 0.000000, 0.999984,-0.005602, 0.000000,
                 0.497671, 0.004859, 0.867352, 0.000000,
                -0.000000, 0.059000, 0.000000, 1.000000;;
              }
            } // End of humanrig_head
          } // End of humanrig_neck
          Frame humanrig_shoulder_L {
            FrameTransformMatrix {
               0.003535,-0.012371, 0.999917, 0.000000,
               0.995583, 0.093860,-0.002359, 0.000000,
              -0.093823, 0.995508, 0.012648, 0.000000,
              -0.027650, 0.235241,-0.015794, 1.000000;;
            }
            Frame humanrig_upper_arm_L {
              FrameTransformMatrix {
                -0.673511,-0.640139,-0.369600, 0.000000,
                 0.609263,-0.197632,-0.767945, 0.000000,
                 0.418547,-0.742403, 0.523121, 0.000000,
                 0.001735, 0.408002, 0.001157, 1.000000;;
              }
              Frame humanrig_lower_arm_L {
                FrameTransformMatrix {
                   0.981689, 0.007489, 0.190344, 0.000000,
                  -0.022760, 0.996680, 0.078170, 0.000000,
                  -0.189127,-0.081071, 0.978600, 0.000000,
                   0.000000, 0.216696, 0.000000, 1.000000;;
                }
                Frame humanrig_hand_L {
                  FrameTransformMatrix {
                    -0.029172, 0.043204,-0.998640, 0.000000,
                     0.048565, 0.997947, 0.041756, 0.000000,
                     0.998394,-0.047281,-0.031210, 0.000000,
                     0.000000, 0.212858,-0.000000, 1.000000;;
                  }
                  Frame humanrig_Index_Proximal_L {
                    FrameTransformMatrix {
                      -0.982306,-0.171580,-0.075071, 0.000000,
                      -0.176443, 0.982242, 0.063778, 0.000000,
                       0.062795, 0.075895,-0.995136, 0.000000,
                      -0.031051, 0.085044,-0.004760, 1.000000;;
                    }
                    Frame humanrig_Index_Intermediate_L {
                      FrameTransformMatrix {
                         0.896382, 0.290729, 0.334629, 0.000000,
                        -0.187527, 0.932716,-0.308017, 0.000000,
                        -0.401664, 0.213349, 0.890589, 0.000000,
                         0.000000, 0.069626,-0.000000, 1.000000;;
                      }
                      Frame humanrig_Index_Distal_L {
                        FrameTransformMatrix {
                           0.981504, 0.109588, 0.156973, 0.000000,
                          -0.090067, 0.987869,-0.126499, 0.000000,
                          -0.168932, 0.110021, 0.979468, 0.000000,
                           0.000000, 0.045040, 0.000000, 1.000000;;
                        }
                      } // End of humanrig_Index_Distal_L
                    } // End of humanrig_Index_Intermediate_L
                  } // End of humanrig_Index_Proximal_L
                  Frame humanrig_Little_Proximal_L {
                    FrameTransformMatrix {
                      -0.984576, 0.165189,-0.057645, 0.000000,
                       0.162410, 0.985457, 0.049980, 0.000000,
                       0.065063, 0.039847,-0.997085, 0.000000,
                       0.026897, 0.079991,-0.007100, 1.000000;;
                    }
                    Frame humanrig_Little_Intermediate_L {
                      FrameTransformMatrix {
                         0.775972, 0.422446, 0.468409, 0.000000,
                        -0.013720, 0.753730,-0.657042, 0.000000,
                        -0.630618, 0.503419, 0.590669, 0.000000,
                         0.000000, 0.074802,-0.000000, 1.000000;;
                      }
                      Frame humanrig_Little_Distal_L {
                        FrameTransformMatrix {
                           0.992720, 0.081923, 0.088299, 0.000000,
                          -0.077621, 0.995672,-0.051101, 0.000000,
                          -0.092103, 0.043875, 0.994782, 0.000000,
                           0.000000, 0.027876,-0.000000, 1.000000;;
                        }
                      } // End of humanrig_Little_Distal_L
                    } // End of humanrig_Little_Intermediate_L
                  } // End of humanrig_Little_Proximal_L
                  Frame humanrig_Middle_Proximal_L {
                    FrameTransformMatrix {
                      -0.994668,-0.089730,-0.050833, 0.000000,
                      -0.092005, 0.994771, 0.044333, 0.000000,
                       0.046590, 0.048774,-0.997723, 0.000000,
                      -0.003606, 0.085259,-0.008296, 1.000000;;
                    }
                    Frame humanrig_Middle_Intermediate_L {
                      FrameTransformMatrix {
                         0.866729, 0.284424, 0.409736, 0.000000,
                        -0.102286, 0.905375,-0.412109, 0.000000,
                        -0.488179, 0.315276, 0.813807, 0.000000,
                        -0.000000, 0.068187, 0.000000, 1.000000;;
                      }
                      Frame humanrig_Middle_Distal_L {
                        FrameTransformMatrix {
                           0.953893, 0.189849, 0.232479, 0.000000,
                          -0.148404, 0.971566,-0.184486, 0.000000,
                          -0.260893, 0.141479, 0.954944, 0.000000,
                           0.000000, 0.049540, 0.000000, 1.000000;;
                        }
                      } // End of humanrig_Middle_Distal_L
                    } // End of humanrig_Middle_Intermediate_L
                  } // End of humanrig_Middle_Proximal_L
                  Frame humanrig_Ring_Proximal_L {
                    FrameTransformMatrix {
                      -0.999027, 0.037631,-0.023013, 0.000000,
                       0.037256, 0.999170, 0.016509, 0.000000,
                       0.023615, 0.015635,-0.999599, 0.000000,
                       0.011937, 0.083735,-0.008452, 1.000000;;
                    }
                    Frame humanrig_Ring_Intermediate_L {
                      FrameTransformMatrix {
                         0.823681, 0.320161, 0.468024, 0.000000,
                        -0.019403, 0.840791,-0.541012, 0.000000,
                        -0.566721, 0.436541, 0.698756, 0.000000,
                         0.000000, 0.069797,-0.000000, 1.000000;;
                      }
                      Frame humanrig_Ring_Distal_L {
                        FrameTransformMatrix {
                           0.980292, 0.130547, 0.148274, 0.000000,
                          -0.116457, 0.988142,-0.100063, 0.000000,
                          -0.159579, 0.080823, 0.983871, 0.000000,
                          -0.000000, 0.044817,-0.000000, 1.000000;;
                        }
                      } // End of humanrig_Ring_Distal_L
                    } // End of humanrig_Ring_Intermediate_L
                  } // End of humanrig_Ring_Proximal_L
                  Frame humanrig_Thumb_Proximal_L {
                    FrameTransformMatrix {
                      -0.605413,-0.059807,-0.793661, 0.000000,
                      -0.735884, 0.421972, 0.529542, 0.000000,
                       0.303233, 0.904634,-0.299478, 0.000000,
                      -0.051378, 0.072328, 0.007332, 1.000000;;
                    }
                    Frame humanrig_Thumb_Intermediate_L {
                      FrameTransformMatrix {
                         0.653638, 0.239655,-0.717859, 0.000000,
                         0.032278, 0.938846, 0.342822, 0.000000,
                         0.756118,-0.247253, 0.605930, 0.000000,
                        -0.000000, 0.041745, 0.000000, 1.000000;;
                      }
                      Frame humanrig_Thumb_Distal_L {
                        FrameTransformMatrix {
                           0.979884, 0.018942,-0.198668, 0.000000,
                          -0.001306, 0.996073, 0.088531, 0.000000,
                           0.199564,-0.086491, 0.976060, 0.000000,
                           0.000000, 0.033446, 0.000000, 1.000000;;
                        }
                      } // End of humanrig_Thumb_Distal_L
                    } // End of humanrig_Thumb_Intermediate_L
                  } // End of humanrig_Thumb_Proximal_L
                } // End of humanrig_hand_L
              } // End of humanrig_lower_arm_L
            } // End of humanrig_upper_arm_L
          } // End of humanrig_shoulder_L
          Frame humanrig_shoulder_R {
            FrameTransformMatrix {
               0.003536, 0.012371,-0.999917, 0.000000,
              -0.995583, 0.093860,-0.002359, 0.000000,
               0.093823, 0.995509, 0.012648, 0.000000,
               0.027650, 0.235241,-0.015794, 1.000000;;
            }
            Frame humanrig_upper_arm_R {
              FrameTransformMatrix {
                 0.231659,-0.113354, 0.966170, 0.000000,
                -0.972781,-0.021187, 0.230758, 0.000000,
                -0.005687,-0.993329,-0.115177, 0.000000,
                -0.001735, 0.408002, 0.001157, 1.000000;;
              }
              Frame humanrig_lower_arm_R {
                FrameTransformMatrix {
                   0.981689,-0.007489,-0.190344, 0.000000,
                   0.022760, 0.996680, 0.078170, 0.000000,
                   0.189127,-0.081071, 0.978600, 0.000000,
                  -0.000000, 0.216696,-0.000000, 1.000000;;
                }
                Frame humanrig_hand_R {
                  FrameTransformMatrix {
                    -0.029172,-0.043204, 0.998640, 0.000000,
                    -0.048565, 0.997947, 0.041756, 0.000000,
                    -0.998394,-0.047281,-0.031210, 0.000000,
                    -0.000000, 0.212858, 0.000000, 1.000000;;
                  }
                  Frame humanrig_Index_Proximal_R {
                    FrameTransformMatrix {
                      -0.982306, 0.171580, 0.075071, 0.000000,
                       0.176443, 0.982242, 0.063778, 0.000000,
                      -0.062795, 0.075895,-0.995136, 0.000000,
                       0.031051, 0.085044,-0.004760, 1.000000;;
                    }
                    Frame humanrig_Index_Intermediate_R {
                      FrameTransformMatrix {
                         0.896382,-0.290729,-0.334629, 0.000000,
                         0.187527, 0.932716,-0.308017, 0.000000,
                         0.401664, 0.213349, 0.890589, 0.000000,
                        -0.000000, 0.069626,-0.000000, 1.000000;;
                      }
                      Frame humanrig_Index_Distal_R {
                        FrameTransformMatrix {
                           0.981504,-0.109588,-0.156973, 0.000000,
                           0.090067, 0.987870,-0.126499, 0.000000,
                           0.168932, 0.110021, 0.979468, 0.000000,
                          -0.000000, 0.045040, 0.000000, 1.000000;;
                        }
                      } // End of humanrig_Index_Distal_R
                    } // End of humanrig_Index_Intermediate_R
                  } // End of humanrig_Index_Proximal_R
                  Frame humanrig_Little_Proximal_R {
                    FrameTransformMatrix {
                      -0.984576,-0.165189, 0.057645, 0.000000,
                      -0.162410, 0.985456, 0.049980, 0.000000,
                      -0.065063, 0.039847,-0.997085, 0.000000,
                      -0.026897, 0.079991,-0.007100, 1.000000;;
                    }
                    Frame humanrig_Little_Intermediate_R {
                      FrameTransformMatrix {
                         0.775972,-0.422446,-0.468409, 0.000000,
                         0.013719, 0.753730,-0.657041, 0.000000,
                         0.630618, 0.503419, 0.590669, 0.000000,
                         0.000000, 0.074802, 0.000000, 1.000000;;
                      }
                      Frame humanrig_Little_Distal_R {
                        FrameTransformMatrix {
                           0.992719,-0.081923,-0.088299, 0.000000,
                           0.077621, 0.995672,-0.051101, 0.000000,
                           0.092103, 0.043875, 0.994782, 0.000000,
                           0.000000, 0.027876, 0.000000, 1.000000;;
                        }
                      } // End of humanrig_Little_Distal_R
                    } // End of humanrig_Little_Intermediate_R
                  } // End of humanrig_Little_Proximal_R
                  Frame humanrig_Middle_Proximal_R {
                    FrameTransformMatrix {
                      -0.994668, 0.089730, 0.050833, 0.000000,
                       0.092005, 0.994772, 0.044333, 0.000000,
                      -0.046590, 0.048774,-0.997723, 0.000000,
                       0.003607, 0.085259,-0.008296, 1.000000;;
                    }
                    Frame humanrig_Middle_Intermediate_R {
                      FrameTransformMatrix {
                         0.866729,-0.284424,-0.409736, 0.000000,
                         0.102286, 0.905375,-0.412109, 0.000000,
                         0.488179, 0.315277, 0.813807, 0.000000,
                        -0.000000, 0.068187,-0.000000, 1.000000;;
                      }
                      Frame humanrig_Middle_Distal_R {
                        FrameTransformMatrix {
                           0.953893,-0.189849,-0.232479, 0.000000,
                           0.148404, 0.971566,-0.184486, 0.000000,
                           0.260893, 0.141479, 0.954944, 0.000000,
                           0.000000, 0.049540,-0.000000, 1.000000;;
                        }
                      } // End of humanrig_Middle_Distal_R
                    } // End of humanrig_Middle_Intermediate_R
                  } // End of humanrig_Middle_Proximal_R
                  Frame humanrig_Ring_Proximal_R {
                    FrameTransformMatrix {
                      -0.999027,-0.037631, 0.023012, 0.000000,
                      -0.037256, 0.999170, 0.016509, 0.000000,
                      -0.023615, 0.015635,-0.999599, 0.000000,
                      -0.011937, 0.083735,-0.008452, 1.000000;;
                    }
                    Frame humanrig_Ring_Intermediate_R {
                      FrameTransformMatrix {
                         0.823681,-0.320161,-0.468024, 0.000000,
                         0.019403, 0.840791,-0.541012, 0.000000,
                         0.566721, 0.436541, 0.698756, 0.000000,
                         0.000000, 0.069798, 0.000000, 1.000000;;
                      }
                      Frame humanrig_Ring_Distal_R {
                        FrameTransformMatrix {
                           0.980292,-0.130547,-0.148274, 0.000000,
                           0.116457, 0.988142,-0.100063, 0.000000,
                           0.159579, 0.080823, 0.983871, 0.000000,
                           0.000000, 0.044817,-0.000000, 1.000000;;
                        }
                      } // End of humanrig_Ring_Distal_R
                    } // End of humanrig_Ring_Intermediate_R
                  } // End of humanrig_Ring_Proximal_R
                  Frame humanrig_Thumb_Proximal_R {
                    FrameTransformMatrix {
                      -0.605413, 0.059807, 0.793661, 0.000000,
                       0.735884, 0.421972, 0.529542, 0.000000,
                      -0.303232, 0.904634,-0.299478, 0.000000,
                       0.051378, 0.072328, 0.007332, 1.000000;;
                    }
                    Frame humanrig_Thumb_Intermediate_R {
                      FrameTransformMatrix {
                         0.653638,-0.239655, 0.717859, 0.000000,
                        -0.032278, 0.938846, 0.342822, 0.000000,
                        -0.756118,-0.247253, 0.605930, 0.000000,
                         0.000000, 0.041745,-0.000000, 1.000000;;
                      }
                      Frame humanrig_Thumb_Distal_R {
                        FrameTransformMatrix {
                           0.979884,-0.018942, 0.198668, 0.000000,
                           0.001306, 0.996072, 0.088531, 0.000000,
                          -0.199564,-0.086491, 0.976060, 0.000000,
                           0.000000, 0.033446, 0.000000, 1.000000;;
                        }
                      } // End of humanrig_Thumb_Distal_R
                    } // End of humanrig_Thumb_Intermediate_R
                  } // End of humanrig_Thumb_Proximal_R
                } // End of humanrig_hand_R
              } // End of humanrig_lower_arm_R
            } // End of humanrig_upper_arm_R
          } // End of humanrig_shoulder_R
        } // End of humanrig_chest
      } // End of humanrig_spine
      Frame humanrig_upper_leg_L {
        FrameTransformMatrix {
           1.000000,-0.000000, 0.000000, 0.000000,
           0.000000,-0.999797,-0.020161, 0.000000,
           0.000000, 0.020161,-0.999827, 0.000000,
           0.180975,-0.002738, 0.000327, 1.000000;;
        }
        Frame humanrig_lower_leg_L {
          FrameTransformMatrix {
             1.000000,-0.000000, 0.000000, 0.000000,
             0.000000, 0.999996, 0.002718, 0.000000,
            -0.000000,-0.002718, 0.999996, 0.000000,
            -0.000000, 0.358104, 0.000000, 1.000000;;
          }
          Frame humanrig_foot_L {
            FrameTransformMatrix {
               1.000000,-0.000001,-0.000000, 0.000000,
               0.000000, 0.361967,-0.932191, 0.000000,
               0.000001, 0.932191, 0.361967, 0.000000,
              -0.000000, 0.331530, 0.000000, 1.000000;;
            }
            Frame humanrig_toe_L {
              FrameTransformMatrix {
                -1.000000, 0.000002, 0.000005, 0.000000,
                 0.000000, 0.954718,-0.297512, 0.000000,
                -0.000005,-0.297512,-0.954718, 0.000000,
                 0.000000, 0.106158,-0.000000, 1.000000;;
              }
            } // End of humanrig_toe_L
          } // End of humanrig_foot_L
        } // End of humanrig_lower_leg_L
      } // End of humanrig_upper_leg_L
      Frame humanrig_upper_leg_R {
        FrameTransformMatrix {
           1.000000, 0.000000,-0.000000, 0.000000,
           0.000000,-0.999797,-0.020161, 0.000000,
          -0.000000, 0.020161,-0.999827, 0.000000,
          -0.180975,-0.002738, 0.000327, 1.000000;;
        }
        Frame humanrig_lower_leg_R {
          FrameTransformMatrix {
             1.000000,-0.000000,-0.000000, 0.000000,
             0.000000, 0.999996, 0.002718, 0.000000,
            -0.000000,-0.002718, 0.999996, 0.000000,
            -0.000000, 0.358104, 0.000000, 1.000000;;
          }
          Frame humanrig_foot_R {
            FrameTransformMatrix {
               1.000000, 0.000001, 0.000000, 0.000000,
              -0.000000, 0.361967,-0.932191, 0.000000,
              -0.000001, 0.932191, 0.361967, 0.000000,
               0.000000, 0.331530, 0.000000, 1.000000;;
            }
            Frame humanrig_toe_R {
              FrameTransformMatrix {
                -1.000000,-0.000002,-0.000005, 0.000000,
                -0.000000, 0.954718,-0.297512, 0.000000,
                 0.000005,-0.297512,-0.954718, 0.000000,
                -0.000000, 0.106158,-0.000000, 1.000000;;
              }
            } // End of humanrig_toe_R
          } // End of humanrig_foot_R
        } // End of humanrig_lower_leg_R
      } // End of humanrig_upper_leg_R
    } // End of humanrig_hips
    Frame gensan {
      FrameTransformMatrix {
         0.720071, 0.000000, 0.000000, 0.000000,
         0.000000,-0.000000, 0.720071, 0.000000,
         0.000000,-0.720071,-0.000000, 0.000000,
         0.000000, 0.000000,-0.000000, 1.000000;;
      }
      Mesh { // gensan mesh
        2184;
        -1.471859; 1.896662; 0.079004;,
        -1.471859; 1.696662;-0.320996;,
        -1.471859; 1.696662; 0.079004;,
        -1.471859; 1.896662;-0.320996;,
        -1.471859; 1.696662;-0.320996;,
        -1.471859; 1.896662; 0.079004;,
        -1.371858; 1.696662; 0.079004;,
        -1.371858; 1.596662;-0.320996;,
        -1.371858; 1.596662; 0.079004;,
        -1.371858; 1.696662;-0.320996;,
        -1.371858; 1.596662;-0.320996;,
        -1.371858; 1.696662; 0.079004;,
        -0.571859; 2.996662; 0.379004;,
        -0.571859; 2.096662;-0.620996;,
        -0.571859; 2.096662; 0.379004;,
        -0.571859; 2.996662;-0.620996;,
        -0.571859; 2.096662;-0.620996;,
        -0.571859; 2.996662; 0.379004;,
        -0.571859; 3.096662;-1.320996;,
        -0.571859; 2.996662;-1.520996;,
        -0.571859; 2.996662;-1.320996;,
        -0.571859; 3.096662;-1.420996;,
        -0.571859; 2.996662;-1.520996;,
        -0.571859; 3.096662;-1.320996;,
        -0.571859; 3.096662;-1.520996;,
        -0.571859; 2.996662;-1.520996;,
        -0.571859; 3.096662;-1.420996;,
        -0.571859; 3.196661; 0.379004;,
        -0.571859; 2.996662;-0.620996;,
        -0.571859; 2.996662; 0.379004;,
        -0.571859; 3.196661; 0.279004;,
        -0.571859; 2.996662;-0.620996;,
        -0.571859; 3.196661; 0.379004;,
        -0.571859; 3.196661;-0.620996;,
        -0.571859; 2.996662;-0.620996;,
        -0.571859; 3.196661; 0.279004;,
        -0.571859; 3.196661;-1.220996;,
        -0.571859; 3.096662;-1.320996;,
        -0.571859; 3.096662;-1.220996;,
        -0.571859; 3.196661;-1.220996;,
        -0.571859; 3.096662;-1.420996;,
        -0.571859; 3.096662;-1.320996;,
        -0.571859; 3.196661;-1.320996;,
        -0.571859; 3.096662;-1.420996;,
        -0.571859; 3.196661;-1.220996;,
        -0.571859; 3.196661;-1.420996;,
        -0.571859; 3.096662;-1.420996;,
        -0.571859; 3.196661;-1.320996;,
        -0.571859; 3.296662; 0.279004;,
        -0.571859; 3.196661;-0.620996;,
        -0.571859; 3.196661; 0.279004;,
        -0.571859; 3.296662; 0.279004;,
        -0.571859; 3.196661;-1.320996;,
        -0.571859; 3.196661;-1.220996;,
        -0.571859; 3.296662; 0.279004;,
        -0.571859; 3.196661;-1.220996;,
        -0.571859; 3.196661;-0.620996;,
        -0.571859; 3.296662; 0.179004;,
        -0.571859; 3.196661;-1.320996;,
        -0.571859; 3.296662; 0.279004;,
        -0.571859; 3.296662;-1.220996;,
        -0.571859; 3.196661;-1.320996;,
        -0.571859; 3.296662; 0.179004;,
        -0.571859; 3.296662;-1.320996;,
        -0.571859; 3.196661;-1.320996;,
        -0.571859; 3.296662;-1.220996;,
        -0.571859; 3.396662; 0.179004;,
        -0.571859; 3.296662;-1.220996;,
        -0.571859; 3.296662; 0.179004;,
        -0.571859; 3.396662;-1.220996;,
        -0.571859; 3.296662;-1.220996;,
        -0.571859; 3.396662; 0.179004;,
        -0.471859; 0.996662; 0.079004;,
        -0.471859; 0.896662;-0.020996;,
        -0.471859; 0.896662; 0.079004;,
        -0.471859; 0.996662;-0.020996;,
        -0.471859; 0.896662;-0.120996;,
        -0.471859; 0.896662;-0.020996;,
        -0.471859; 0.996662;-0.020996;,
        -0.471859; 0.896662;-0.020996;,
        -0.471859; 0.996662; 0.079004;,
        -0.471859; 0.996662;-0.120996;,
        -0.471859; 0.896662;-0.220996;,
        -0.471859; 0.896662;-0.120996;,
        -0.471859; 0.996662;-0.120996;,
        -0.471859; 0.896662;-0.120996;,
        -0.471859; 0.996662;-0.020996;,
        -0.471859; 0.996662;-0.220996;,
        -0.471859; 0.896662;-0.220996;,
        -0.471859; 0.996662;-0.120996;,
        -0.471859; 1.096662; 0.079004;,
        -0.471859; 0.996662;-0.020996;,
        -0.471859; 0.996662; 0.079004;,
        -0.471859; 1.096662; 0.079004;,
        -0.471859; 0.996662;-0.120996;,
        -0.471859; 0.996662;-0.020996;,
        -0.471859; 1.096662; 0.079004;,
        -0.471859; 0.996662;-0.220996;,
        -0.471859; 0.996662;-0.120996;,
        -0.471859; 1.096662;-0.220996;,
        -0.471859; 0.996662;-0.220996;,
        -0.471859; 1.096662; 0.079004;,
        -0.471859; 1.196662; 0.079004;,
        -0.471859; 1.096662;-0.220996;,
        -0.471859; 1.096662; 0.079004;,
        -0.471859; 1.196662;-0.220996;,
        -0.471859; 1.096662;-0.220996;,
        -0.471859; 1.196662; 0.079004;,
        -0.471859; 2.096662; 0.379004;,
        -0.471859; 1.996662;-0.620996;,
        -0.471859; 1.996662; 0.379004;,
        -0.471859; 2.096662;-0.620996;,
        -0.471859; 1.996662;-0.620996;,
        -0.471859; 2.096662; 0.379004;,
        -0.471859; 2.796662; 0.479004;,
        -0.471859; 2.596662; 0.379004;,
        -0.471859; 2.596662; 0.479004;,
        -0.471859; 2.796662; 0.379004;,
        -0.471859; 2.596662; 0.379004;,
        -0.471859; 2.796662; 0.479004;,
        -0.371858; 0.196662; 0.479004;,
        -0.371858;-0.003338;-0.320996;,
        -0.371858;-0.003338; 0.479004;,
        -0.371858; 0.196662; 0.279004;,
        -0.371858;-0.003338;-0.320996;,
        -0.371858; 0.196662; 0.479004;,
        -0.371858; 0.296662; 0.279004;,
        -0.371858;-0.003338;-0.320996;,
        -0.371858; 0.196662; 0.279004;,
        -0.371858; 0.296662; 0.179004;,
        -0.371858;-0.003338;-0.320996;,
        -0.371858; 0.296662; 0.279004;,
        -0.371858; 0.296662;-0.320996;,
        -0.371858;-0.003338;-0.320996;,
        -0.371858; 0.296662; 0.179004;,
        -0.371858; 0.896662; 0.079004;,
        -0.371858; 0.296662;-0.320996;,
        -0.371858; 0.296662; 0.179004;,
        -0.371858; 0.896662;-0.020996;,
        -0.371858; 0.296662;-0.320996;,
        -0.371858; 0.896662; 0.079004;,
        -0.371858; 0.896662;-0.120996;,
        -0.371858; 0.296662;-0.320996;,
        -0.371858; 0.896662;-0.020996;,
        -0.371858; 0.896662;-0.220996;,
        -0.371858; 0.296662;-0.320996;,
        -0.371858; 0.896662;-0.120996;,
        -0.371858; 0.896662;-0.320996;,
        -0.371858; 0.296662;-0.320996;,
        -0.371858; 0.896662;-0.220996;,
        -0.371858; 0.996662; 0.079004;,
        -0.371858; 0.896662; 0.079004;,
        -0.371858; 0.296662; 0.179004;,
        -0.371858; 0.996662;-0.220996;,
        -0.371858; 0.896662;-0.320996;,
        -0.371858; 0.896662;-0.220996;,
        -0.371858; 0.996662;-0.220996;,
        -0.371858; 0.896662;-0.420996;,
        -0.371858; 0.896662;-0.320996;,
        -0.371858; 1.096662; 0.079004;,
        -0.371858; 0.996662; 0.079004;,
        -0.371858; 0.296662; 0.179004;,
        -0.371858; 1.096662;-0.220996;,
        -0.371858; 0.896662;-0.420996;,
        -0.371858; 0.996662;-0.220996;,
        -0.371858; 1.196662; 0.079004;,
        -0.371858; 1.096662; 0.079004;,
        -0.371858; 0.296662; 0.179004;,
        -0.371858; 1.196662;-0.220996;,
        -0.371858; 0.896662;-0.420996;,
        -0.371858; 1.096662;-0.220996;,
        -0.371858; 1.596662; 0.079004;,
        -0.371858; 1.196662; 0.079004;,
        -0.371858; 0.296662; 0.179004;,
        -0.371858; 1.596662; 0.079004;,
        -0.371858; 1.196662;-0.220996;,
        -0.371858; 1.196662; 0.079004;,
        -0.371858; 1.596662;-0.020996;,
        -0.371858; 1.196662;-0.220996;,
        -0.371858; 1.596662; 0.079004;,
        -0.371858; 1.596662;-0.220996;,
        -0.371858; 0.896662;-0.420996;,
        -0.371858; 1.196662;-0.220996;,
        -0.371858; 1.596662;-0.220996;,
        -0.371858; 1.196662;-0.220996;,
        -0.371858; 1.596662;-0.020996;,
        -0.371858; 1.596662;-0.320996;,
        -0.371858; 0.896662;-0.420996;,
        -0.371858; 1.596662;-0.220996;,
        -0.371858; 1.696662;-0.620996;,
        -0.371858; 0.896662;-1.120996;,
        -0.371858; 0.896662;-0.620996;,
        -0.371858; 1.696662;-1.120996;,
        -0.371858; 0.896662;-1.120996;,
        -0.371858; 1.696662;-0.620996;,
        -0.371858; 1.796662;-0.020996;,
        -0.371858; 1.596662;-0.220996;,
        -0.371858; 1.596662;-0.020996;,
        -0.371858; 1.796662;-0.220996;,
        -0.371858; 1.596662;-0.220996;,
        -0.371858; 1.796662;-0.020996;,
        -0.371858; 1.896662; 0.179004;,
        -0.371858; 1.596662; 0.079004;,
        -0.371858; 0.296662; 0.179004;,
        -0.371858; 1.896662; 0.079004;,
        -0.371858; 1.596662; 0.079004;,
        -0.371858; 1.896662; 0.179004;,
        -0.371858; 1.896662;-0.320996;,
        -0.371858; 0.896662;-0.420996;,
        -0.371858; 1.596662;-0.320996;,
        -0.371858; 1.896662;-0.420996;,
        -0.371858; 0.896662;-0.420996;,
        -0.371858; 1.896662;-0.320996;,
        -0.371858; 1.996662; 0.379004;,
        -0.371858; 1.896662; 0.279004;,
        -0.371858; 1.896662; 0.379004;,
        -0.371858; 1.996662; 0.279004;,
        -0.371858; 1.896662; 0.279004;,
        -0.371858; 1.996662; 0.379004;,
        -0.371858; 2.296662; 0.479004;,
        -0.371858; 2.196661; 0.379004;,
        -0.371858; 2.196661; 0.479004;,
        -0.371858; 2.296662; 0.379004;,
        -0.371858; 2.196661; 0.379004;,
        -0.371858; 2.296662; 0.479004;,
        -0.371858; 2.596662; 0.479004;,
        -0.371858; 2.496662; 0.379004;,
        -0.371858; 2.496662; 0.479004;,
        -0.371858; 2.596662; 0.379004;,
        -0.371858; 2.496662; 0.379004;,
        -0.371858; 2.596662; 0.479004;,
        -0.371858; 2.896662; 0.479004;,
        -0.371858; 2.796662; 0.379004;,
        -0.371858; 2.796662; 0.479004;,
        -0.371858; 2.896662; 0.379004;,
        -0.371858; 2.796662; 0.379004;,
        -0.371858; 2.896662; 0.479004;,
        -0.271858; 0.896662;-0.620996;,
        -0.271858; 0.796662;-1.120996;,
        -0.271858; 0.796662;-0.620996;,
        -0.271858; 0.896662;-1.120996;,
        -0.271858; 0.796662;-1.120996;,
        -0.271858; 0.896662;-0.620996;,
        -0.271858; 1.796662;-0.520996;,
        -0.271858; 1.696662;-0.620996;,
        -0.271858; 1.696662;-0.420996;,
        -0.271858; 1.796662;-0.520996;,
        -0.271858; 1.696662;-1.120996;,
        -0.271858; 1.696662;-0.620996;,
        -0.271858; 1.796662;-1.120996;,
        -0.271858; 1.696662;-1.120996;,
        -0.271858; 1.796662;-0.520996;,
        -0.271858; 1.896662; 0.379004;,
        -0.271858; 1.796662; 0.279004;,
        -0.271858; 1.796662; 0.379004;,
        -0.271858; 1.896662; 0.279004;,
        -0.271858; 1.796662; 0.279004;,
        -0.271858; 1.896662; 0.379004;,
        -0.271858; 1.896662;-0.420996;,
        -0.271858; 1.796662;-0.520996;,
        -0.271858; 1.696662;-0.420996;,
        -0.271858; 1.896662;-0.520996;,
        -0.271858; 1.796662;-0.520996;,
        -0.271858; 1.896662;-0.420996;,
        -0.271858; 1.996662; 0.079004;,
        -0.271858; 1.896662;-0.320996;,
        -0.271858; 1.896662; 0.079004;,
        -0.271858; 1.996662;-0.320996;,
        -0.271858; 1.896662;-0.320996;,
        -0.271858; 1.996662; 0.079004;,
        -0.271858; 2.196661; 0.479004;,
        -0.271858; 2.096662; 0.379004;,
        -0.271858; 2.096662; 0.479004;,
        -0.271858; 2.196661; 0.379004;,
        -0.271858; 2.096662; 0.379004;,
        -0.271858; 2.196661; 0.479004;,
        -0.271858; 2.396662; 0.479004;,
        -0.271858; 2.296662; 0.379004;,
        -0.271858; 2.296662; 0.479004;,
        -0.271858; 2.396662; 0.379004;,
        -0.271858; 2.296662; 0.379004;,
        -0.271858; 2.396662; 0.479004;,
        -0.171859; 1.796662; 0.379004;,
        -0.171859; 1.696662; 0.279004;,
        -0.171859; 1.696662; 0.379004;,
        -0.171859; 1.796662; 0.279004;,
        -0.171859; 1.696662; 0.279004;,
        -0.171859; 1.796662; 0.379004;,
        -0.171859; 2.096662; 0.479004;,
        -0.171859; 1.996662; 0.379004;,
        -0.171859; 1.996662; 0.479004;,
        -0.171859; 2.096662; 0.379004;,
        -0.171859; 1.996662; 0.379004;,
        -0.171859; 2.096662; 0.479004;,
        -0.071859; 1.696662; 0.379004;,
        -0.071859; 1.596662; 0.279004;,
        -0.071859; 1.596662; 0.379004;,
        -0.071859; 1.696662; 0.279004;,
        -0.071859; 1.596662; 0.279004;,
        -0.071859; 1.696662; 0.379004;,
         0.128141; 0.196662; 0.479004;,
         0.128141;-0.003338;-0.320996;,
         0.128141;-0.003338; 0.479004;,
         0.128141; 0.196662; 0.279004;,
         0.128141;-0.003338;-0.320996;,
         0.128141; 0.196662; 0.479004;,
         0.128141; 0.296662; 0.279004;,
         0.128141;-0.003338;-0.320996;,
         0.128141; 0.196662; 0.279004;,
         0.128141; 0.296662; 0.179004;,
         0.128141;-0.003338;-0.320996;,
         0.128141; 0.296662; 0.279004;,
         0.128141; 0.296662;-0.320996;,
         0.128141;-0.003338;-0.320996;,
         0.128141; 0.296662; 0.179004;,
         0.128141; 0.896662; 0.179004;,
         0.128141; 0.296662;-0.320996;,
         0.128141; 0.296662; 0.179004;,
         0.128141; 0.896662; 0.079004;,
         0.128141; 0.296662;-0.320996;,
         0.128141; 0.896662; 0.179004;,
         0.128141; 0.896662;-0.320996;,
         0.128141; 0.296662;-0.320996;,
         0.128141; 0.896662; 0.079004;,
         0.128141; 2.796662; 0.479004;,
         0.128141; 2.596662; 0.379004;,
         0.128141; 2.596662; 0.479004;,
         0.128141; 2.796662; 0.379004;,
         0.128141; 2.596662; 0.379004;,
         0.128141; 2.796662; 0.479004;,
         0.228142; 2.596662; 0.479004;,
         0.228142; 2.496662; 0.379004;,
         0.228142; 2.496662; 0.479004;,
         0.228142; 2.596662; 0.379004;,
         0.228142; 2.496662; 0.379004;,
         0.228142; 2.596662; 0.479004;,
         0.228142; 2.896662; 0.479004;,
         0.228142; 2.796662; 0.379004;,
         0.228142; 2.796662; 0.479004;,
         0.228142; 2.896662; 0.379004;,
         0.228142; 2.796662; 0.379004;,
         0.228142; 2.896662; 0.479004;,
         0.328141; 0.896662; 0.079004;,
         0.328141; 0.796662;-0.220996;,
         0.328141; 0.796662; 0.079004;,
         0.328141; 0.896662;-0.220996;,
         0.328141; 0.796662;-0.220996;,
         0.328141; 0.896662; 0.079004;,
         0.328141; 3.096662;-1.320996;,
         0.328141; 2.996662;-1.520996;,
         0.328141; 2.996662;-1.320996;,
         0.328141; 3.096662;-1.420996;,
         0.328141; 2.996662;-1.520996;,
         0.328141; 3.096662;-1.320996;,
         0.328141; 3.096662;-1.520996;,
         0.328141; 2.996662;-1.520996;,
         0.328141; 3.096662;-1.420996;,
         0.328141; 3.196661; 0.379004;,
         0.328141; 2.996662;-0.620996;,
         0.328141; 2.996662; 0.379004;,
         0.328141; 3.196661; 0.279004;,
         0.328141; 2.996662;-0.620996;,
         0.328141; 3.196661; 0.379004;,
         0.328141; 3.196661;-0.620996;,
         0.328141; 2.996662;-0.620996;,
         0.328141; 3.196661; 0.279004;,
         0.328141; 3.196661;-1.220996;,
         0.328141; 3.096662;-1.320996;,
         0.328141; 3.096662;-1.220996;,
         0.328141; 3.196661;-1.220996;,
         0.328141; 3.096662;-1.420996;,
         0.328141; 3.096662;-1.320996;,
         0.328141; 3.196661;-1.320996;,
         0.328141; 3.096662;-1.420996;,
         0.328141; 3.196661;-1.220996;,
         0.328141; 3.196661;-1.420996;,
         0.328141; 3.096662;-1.420996;,
         0.328141; 3.196661;-1.320996;,
         0.328141; 3.296662; 0.279004;,
         0.328141; 3.196661;-0.620996;,
         0.328141; 3.196661; 0.279004;,
         0.328141; 3.296662; 0.279004;,
         0.328141; 3.196661;-1.320996;,
         0.328141; 3.196661;-1.220996;,
         0.328141; 3.296662; 0.279004;,
         0.328141; 3.196661;-1.220996;,
         0.328141; 3.196661;-0.620996;,
         0.328141; 3.296662; 0.179004;,
         0.328141; 3.196661;-1.320996;,
         0.328141; 3.296662; 0.279004;,
         0.328141; 3.296662;-1.220996;,
         0.328141; 3.196661;-1.320996;,
         0.328141; 3.296662; 0.179004;,
         0.328141; 3.296662;-1.320996;,
         0.328141; 3.196661;-1.320996;,
         0.328141; 3.296662;-1.220996;,
         0.328141; 3.396662; 0.179004;,
         0.328141; 3.296662;-1.220996;,
         0.328141; 3.296662; 0.179004;,
         0.328141; 3.396662;-1.220996;,
         0.328141; 3.296662;-1.220996;,
         0.328141; 3.396662; 0.179004;,
         0.628141; 1.696662;-0.020996;,
         0.628141; 1.596662;-0.220996;,
         0.628141; 1.596662;-0.020996;,
         0.628141; 1.696662;-0.220996;,
         0.628141; 1.596662;-0.220996;,
         0.628141; 1.696662;-0.020996;,
         0.628141; 1.796662;-0.020996;,
         0.628141; 1.696662;-0.220996;,
         0.628141; 1.696662;-0.020996;,
         0.628141; 1.796662;-0.220996;,
         0.628141; 1.696662;-0.220996;,
         0.628141; 1.796662;-0.020996;,
        -0.571859; 1.596662;-0.020996;,
        -0.571859; 1.596662;-0.220996;,
        -0.571859; 1.696662;-0.020996;,
        -0.571859; 1.696662;-0.020996;,
        -0.571859; 1.596662;-0.220996;,
        -0.571859; 1.696662;-0.220996;,
        -0.571859; 1.696662;-0.020996;,
        -0.571859; 1.696662;-0.220996;,
        -0.571859; 1.796662;-0.020996;,
        -0.571859; 1.796662;-0.020996;,
        -0.571859; 1.696662;-0.220996;,
        -0.571859; 1.796662;-0.220996;,
        -0.271858; 2.996662;-1.320996;,
        -0.271858; 2.996662;-1.520996;,
        -0.271858; 3.096662;-1.320996;,
        -0.271858; 3.096662;-1.320996;,
        -0.271858; 2.996662;-1.520996;,
        -0.271858; 3.096662;-1.420996;,
        -0.271858; 3.096662;-1.420996;,
        -0.271858; 2.996662;-1.520996;,
        -0.271858; 3.096662;-1.520996;,
        -0.271858; 2.996662; 0.379004;,
        -0.271858; 2.996662;-0.620996;,
        -0.271858; 3.196661; 0.379004;,
        -0.271858; 3.196661; 0.379004;,
        -0.271858; 2.996662;-0.620996;,
        -0.271858; 3.196661; 0.279004;,
        -0.271858; 3.196661; 0.279004;,
        -0.271858; 2.996662;-0.620996;,
        -0.271858; 3.196661;-0.620996;,
        -0.271858; 3.096662;-1.220996;,
        -0.271858; 3.096662;-1.320996;,
        -0.271858; 3.196661;-1.220996;,
        -0.271858; 3.096662;-1.320996;,
        -0.271858; 3.096662;-1.420996;,
        -0.271858; 3.196661;-1.220996;,
        -0.271858; 3.196661;-1.220996;,
        -0.271858; 3.096662;-1.420996;,
        -0.271858; 3.196661;-1.320996;,
        -0.271858; 3.196661;-1.320996;,
        -0.271858; 3.096662;-1.420996;,
        -0.271858; 3.196661;-1.420996;,
