xof 0303txt 0032

template AnimTicksPerSecond {
  <9E415A43-7BA6-4a73-8743-B73D47E88476>
  DWORD AnimTicksPerSecond;
}

template XSkinMeshHeader {
  <3cf169ce-ff7c-44ab-93c0-f78f62d172e2>
  WORD nMaxSkinWeightsPerVertex;
  WORD nMaxSkinWeightsPerFace;
  WORD nBones;
}

template SkinWeights {
  <6f0d123b-bad2-4167-a0d0-80224f25fabb>
  STRING transformNodeName;
  DWORD nWeights;
  array DWORD vertexIndices[nWeights];
  array float weights[nWeights];
  Matrix4x4 matrixOffset;
}

Frame Root {
  FrameTransformMatrix {
     1.000000, 0.000000, 0.000000, 0.000000,
     0.000000,-0.000000, 1.000000, 0.000000,
     0.000000, 1.000000, 0.000000, 0.000000,
     0.000000, 0.000000, 0.000000, 1.000000;;
  }
  Frame humanrig {
    FrameTransformMatrix {
      -1.717323,-0.000000, 0.000000, 0.000000,
       0.000000,-1.717323, 0.000000, 0.000000,
       0.000000, 0.000000, 1.717323, 0.000000,
       0.000000, 0.000000, 0.000000, 1.000000;;
    }
    Frame humanrig_hips {
      FrameTransformMatrix {
         1.000000, 0.000000,-0.000000, 0.000000,
         0.000000, 0.016565, 0.999863, 0.000000,
         0.000000,-0.999863, 0.016565, 0.000000,
         0.000000, 0.000000, 0.739801, 1.000000;;
      }
      Frame humanrig_spine {
        FrameTransformMatrix {
           1.000000,-0.000000, 0.000000, 0.000000,
           0.000000, 0.999983,-0.005824, 0.000000,
           0.000000, 0.005824, 0.999983, 0.000000,
          -0.000000, 0.125283, 0.000000, 1.000000;;
        }
        Frame humanrig_chest {
          FrameTransformMatrix {
             1.000000, 0.000000, 0.000000, 0.000000,
            -0.000000, 0.999953, 0.009675, 0.000000,
             0.000000,-0.009675, 0.999953, 0.000000,
            -0.000000, 0.170537, 0.000000, 1.000000;;
          }
          Frame humanrig_neck {
            FrameTransformMatrix {
               1.000000, 0.000000, 0.000000, 0.000000,
              -0.000000, 0.999832, 0.018315, 0.000000,
               0.000000,-0.018315, 0.999832, 0.000000,
              -0.000000, 0.259149, 0.000096, 1.000000;;
            }
            Frame humanrig_head {
              FrameTransformMatrix {
                 1.000000,-0.000000, 0.000000, 0.000000,
                 0.000000, 0.999984,-0.005602, 0.000000,
                -0.000000, 0.005602, 0.999984, 0.000000,
                -0.000000, 0.059000, 0.000000, 1.000000;;
              }
            } // End of humanrig_head
          } // End of humanrig_neck
          Frame humanrig_shoulder_L {
            FrameTransformMatrix {
               0.024636,-0.012522, 0.999618, 0.000000,
               0.999536,-0.017619,-0.024854, 0.000000,
               0.017924, 0.999766, 0.012082, 0.000000,
               0.074670, 0.235241,-0.015794, 1.000000;;
            }
            Frame humanrig_upper_arm_L {
              FrameTransformMatrix {
                -0.108335,-0.009229,-0.994072, 0.000000,
                -0.030481, 0.999518,-0.005957, 0.000000,
                 0.993647, 0.029655,-0.108564, 0.000000,
                 0.010392, 0.410054, 0.007712, 1.000000;;
              }
              Frame humanrig_lower_arm_L {
                FrameTransformMatrix {
                   0.981689, 0.007489, 0.190345, 0.000000,
                  -0.022760, 0.996680, 0.078170, 0.000000,
                  -0.189128,-0.081071, 0.978600, 0.000000,
                   0.000000, 0.216696, 0.000000, 1.000000;;
                }
                Frame humanrig_hand_L {
                  FrameTransformMatrix {
                    -0.029172, 0.043204,-0.998640, 0.000000,
                     0.048565, 0.997947, 0.041756, 0.000000,
                     0.998394,-0.047281,-0.031211, 0.000000,
                     0.000000, 0.212858, 0.000000, 1.000000;;
                  }
                  Frame humanrig_Index_Proximal_L {
                    FrameTransformMatrix {
                      -0.982306,-0.171580,-0.075071, 0.000000,
                      -0.176443, 0.982242, 0.063778, 0.000000,
                       0.062795, 0.075895,-0.995136, 0.000000,
                      -0.031051, 0.085045,-0.004760, 1.000000;;
                    }
                    Frame humanrig_Index_Intermediate_L {
                      FrameTransformMatrix {
                         0.896381, 0.290729, 0.334629, 0.000000,
                        -0.187527, 0.932716,-0.308017, 0.000000,
                        -0.401664, 0.213349, 0.890589, 0.000000,
                         0.000000, 0.069626, 0.000000, 1.000000;;
                      }
                      Frame humanrig_Index_Distal_L {
                        FrameTransformMatrix {
                           0.981504, 0.109587, 0.156973, 0.000000,
                          -0.090067, 0.987869,-0.126498, 0.000000,
                          -0.168932, 0.110020, 0.979468, 0.000000,
                           0.000000, 0.045040,-0.000000, 1.000000;;
                        }
                      } // End of humanrig_Index_Distal_L
                    } // End of humanrig_Index_Intermediate_L
                  } // End of humanrig_Index_Proximal_L
                  Frame humanrig_Little_Proximal_L {
                    FrameTransformMatrix {
                      -0.984576, 0.165189,-0.057645, 0.000000,
                       0.162410, 0.985457, 0.049980, 0.000000,
                       0.065063, 0.039847,-0.997085, 0.000000,
                       0.026897, 0.079991,-0.007100, 1.000000;;
                    }
                    Frame humanrig_Little_Intermediate_L {
                      FrameTransformMatrix {
                         0.775972, 0.422446, 0.468409, 0.000000,
                        -0.013720, 0.753729,-0.657042, 0.000000,
                        -0.630618, 0.503420, 0.590669, 0.000000,
                         0.000000, 0.074802, 0.000000, 1.000000;;
                      }
                      Frame humanrig_Little_Distal_L {
                        FrameTransformMatrix {
                           0.992719, 0.081923, 0.088299, 0.000000,
                          -0.077621, 0.995672,-0.051101, 0.000000,
                          -0.092103, 0.043875, 0.994782, 0.000000,
                           0.000000, 0.027876,-0.000000, 1.000000;;
                        }
                      } // End of humanrig_Little_Distal_L
                    } // End of humanrig_Little_Intermediate_L
                  } // End of humanrig_Little_Proximal_L
                  Frame humanrig_Middle_Proximal_L {
                    FrameTransformMatrix {
                      -0.994668,-0.089730,-0.050833, 0.000000,
                      -0.092005, 0.994771, 0.044333, 0.000000,
                       0.046589, 0.048774,-0.997723, 0.000000,
                      -0.003606, 0.085259,-0.008296, 1.000000;;
                    }
                    Frame humanrig_Middle_Intermediate_L {
                      FrameTransformMatrix {
                         0.866729, 0.284424, 0.409737, 0.000000,
                        -0.102286, 0.905375,-0.412109, 0.000000,
                        -0.488179, 0.315276, 0.813807, 0.000000,
                         0.000000, 0.068187,-0.000000, 1.000000;;
                      }
                      Frame humanrig_Middle_Distal_L {
                        FrameTransformMatrix {
                           0.953893, 0.189849, 0.232479, 0.000000,
                          -0.148404, 0.971566,-0.184487, 0.000000,
                          -0.260893, 0.141480, 0.954944, 0.000000,
                          -0.000000, 0.049540, 0.000000, 1.000000;;
                        }
                      } // End of humanrig_Middle_Distal_L
                    } // End of humanrig_Middle_Intermediate_L
                  } // End of humanrig_Middle_Proximal_L
                  Frame humanrig_Ring_Proximal_L {
                    FrameTransformMatrix {
                      -0.999027, 0.037631,-0.023012, 0.000000,
                       0.037256, 0.999170, 0.016509, 0.000000,
                       0.023615, 0.015635,-0.999599, 0.000000,
                       0.011937, 0.083735,-0.008452, 1.000000;;
                    }
                    Frame humanrig_Ring_Intermediate_L {
                      FrameTransformMatrix {
                         0.823681, 0.320161, 0.468023, 0.000000,
                        -0.019403, 0.840791,-0.541013, 0.000000,
                        -0.566721, 0.436541, 0.698755, 0.000000,
                        -0.000000, 0.069798,-0.000000, 1.000000;;
                      }
                      Frame humanrig_Ring_Distal_L {
                        FrameTransformMatrix {
                           0.980292, 0.130547, 0.148274, 0.000000,
                          -0.116458, 0.988142,-0.100063, 0.000000,
                          -0.159579, 0.080824, 0.983871, 0.000000,
                           0.000000, 0.044817,-0.000000, 1.000000;;
                        }
                      } // End of humanrig_Ring_Distal_L
                    } // End of humanrig_Ring_Intermediate_L
                  } // End of humanrig_Ring_Proximal_L
                  Frame humanrig_Thumb_Proximal_L {
                    FrameTransformMatrix {
                      -0.605413,-0.059807,-0.793661, 0.000000,
                      -0.735884, 0.421972, 0.529542, 0.000000,
                       0.303233, 0.904634,-0.299479, 0.000000,
                      -0.051378, 0.072328, 0.007332, 1.000000;;
                    }
                    Frame humanrig_Thumb_Intermediate_L {
                      FrameTransformMatrix {
                         0.653638, 0.239654,-0.717860, 0.000000,
                         0.032278, 0.938846, 0.342820, 0.000000,
                         0.756118,-0.247252, 0.605931, 0.000000,
                         0.000000, 0.041745, 0.000000, 1.000000;;
                      }
                      Frame humanrig_Thumb_Distal_L {
                        FrameTransformMatrix {
                           0.979884, 0.018945,-0.198668, 0.000000,
                          -0.001309, 0.996072, 0.088533, 0.000000,
                           0.199565,-0.086492, 0.976060, 0.000000,
                          -0.000000, 0.033446, 0.000000, 1.000000;;
                        }
                      } // End of humanrig_Thumb_Distal_L
                    } // End of humanrig_Thumb_Intermediate_L
                  } // End of humanrig_Thumb_Proximal_L
                } // End of humanrig_hand_L
              } // End of humanrig_lower_arm_L
            } // End of humanrig_upper_arm_L
          } // End of humanrig_shoulder_L
          Frame humanrig_shoulder_R {
            FrameTransformMatrix {
               0.024636, 0.012522,-0.999618, 0.000000,
              -0.999536,-0.017619,-0.024855, 0.000000,
              -0.017924, 0.999766, 0.012082, 0.000000,
              -0.074670, 0.235241,-0.015794, 1.000000;;
            }
            Frame humanrig_upper_arm_R {
              FrameTransformMatrix {
                -0.108335, 0.009229, 0.994072, 0.000000,
                 0.030481, 0.999518,-0.005957, 0.000000,
                -0.993647, 0.029655,-0.108564, 0.000000,
                -0.010392, 0.410054, 0.007712, 1.000000;;
              }
              Frame humanrig_lower_arm_R {
                FrameTransformMatrix {
                   0.981689,-0.007489,-0.190345, 0.000000,
                   0.022760, 0.996680, 0.078170, 0.000000,
                   0.189128,-0.081071, 0.978600, 0.000000,
                  -0.000000, 0.216696, 0.000000, 1.000000;;
                }
                Frame humanrig_hand_R {
                  FrameTransformMatrix {
                    -0.029172,-0.043204, 0.998640, 0.000000,
                    -0.048565, 0.997947, 0.041756, 0.000000,
                    -0.998394,-0.047281,-0.031211, 0.000000,
                    -0.000000, 0.212858, 0.000000, 1.000000;;
                  }
                  Frame humanrig_Index_Proximal_R {
                    FrameTransformMatrix {
                      -0.982306, 0.171580, 0.075071, 0.000000,
                       0.176443, 0.982242, 0.063778, 0.000000,
                      -0.062795, 0.075895,-0.995136, 0.000000,
                       0.031051, 0.085044,-0.004760, 1.000000;;
                    }
                    Frame humanrig_Index_Intermediate_R {
                      FrameTransformMatrix {
                         0.896382,-0.290729,-0.334629, 0.000000,
                         0.187527, 0.932716,-0.308017, 0.000000,
                         0.401664, 0.213349, 0.890589, 0.000000,
                         0.000000, 0.069626, 0.000000, 1.000000;;
                      }
                      Frame humanrig_Index_Distal_R {
                        FrameTransformMatrix {
                           0.981504,-0.109587,-0.156973, 0.000000,
                           0.090067, 0.987870,-0.126498, 0.000000,
                           0.168932, 0.110020, 0.979468, 0.000000,
                           0.000000, 0.045040, 0.000000, 1.000000;;
                        }
                      } // End of humanrig_Index_Distal_R
                    } // End of humanrig_Index_Intermediate_R
                  } // End of humanrig_Index_Proximal_R
                  Frame humanrig_Little_Proximal_R {
                    FrameTransformMatrix {
                      -0.984576,-0.165189, 0.057645, 0.000000,
                      -0.162410, 0.985457, 0.049980, 0.000000,
                      -0.065063, 0.039847,-0.997085, 0.000000,
                      -0.026897, 0.079991,-0.007100, 1.000000;;
                    }
                    Frame humanrig_Little_Intermediate_R {
                      FrameTransformMatrix {
                         0.775972,-0.422446,-0.468409, 0.000000,
                         0.013719, 0.753729,-0.657042, 0.000000,
                         0.630618, 0.503420, 0.590669, 0.000000,
                         0.000000, 0.074802,-0.000000, 1.000000;;
                      }
                      Frame humanrig_Little_Distal_R {
                        FrameTransformMatrix {
                           0.992719,-0.081923,-0.088299, 0.000000,
                           0.077621, 0.995672,-0.051101, 0.000000,
                           0.092103, 0.043875, 0.994782, 0.000000,
                           0.000000, 0.027876,-0.000000, 1.000000;;
                        }
                      } // End of humanrig_Little_Distal_R
                    } // End of humanrig_Little_Intermediate_R
                  } // End of humanrig_Little_Proximal_R
                  Frame humanrig_Middle_Proximal_R {
                    FrameTransformMatrix {
                      -0.994668, 0.089730, 0.050833, 0.000000,
                       0.092005, 0.994771, 0.044333, 0.000000,
                      -0.046590, 0.048774,-0.997723, 0.000000,
                       0.003606, 0.085259,-0.008296, 1.000000;;
                    }
                    Frame humanrig_Middle_Intermediate_R {
                      FrameTransformMatrix {
                         0.866729,-0.284424,-0.409737, 0.000000,
                         0.102286, 0.905375,-0.412109, 0.000000,
                         0.488179, 0.315276, 0.813808, 0.000000,
                        -0.000000, 0.068187,-0.000000, 1.000000;;
                      }
                      Frame humanrig_Middle_Distal_R {
                        FrameTransformMatrix {
                           0.953892,-0.189849,-0.232479, 0.000000,
                           0.148404, 0.971566,-0.184487, 0.000000,
                           0.260893, 0.141480, 0.954944, 0.000000,
                          -0.000000, 0.049540,-0.000000, 1.000000;;
                        }
                      } // End of humanrig_Middle_Distal_R
                    } // End of humanrig_Middle_Intermediate_R
                  } // End of humanrig_Middle_Proximal_R
                  Frame humanrig_Ring_Proximal_R {
                    FrameTransformMatrix {
                      -0.999027,-0.037631, 0.023012, 0.000000,
                      -0.037256, 0.999170, 0.016509, 0.000000,
                      -0.023615, 0.015635,-0.999599, 0.000000,
                      -0.011937, 0.083735,-0.008452, 1.000000;;
                    }
                    Frame humanrig_Ring_Intermediate_R {
                      FrameTransformMatrix {
                         0.823681,-0.320161,-0.468024, 0.000000,
                         0.019403, 0.840791,-0.541013, 0.000000,
                         0.566721, 0.436541, 0.698755, 0.000000,
                         0.000000, 0.069797,-0.000000, 1.000000;;
                      }
                      Frame humanrig_Ring_Distal_R {
                        FrameTransformMatrix {
                           0.980292,-0.130547,-0.148274, 0.000000,
                           0.116458, 0.988142,-0.100063, 0.000000,
                           0.159579, 0.080823, 0.983871, 0.000000,
                          -0.000000, 0.044817, 0.000000, 1.000000;;
                        }
                      } // End of humanrig_Ring_Distal_R
                    } // End of humanrig_Ring_Intermediate_R
                  } // End of humanrig_Ring_Proximal_R
                  Frame humanrig_Thumb_Proximal_R {
                    FrameTransformMatrix {
                      -0.605413, 0.059807, 0.793661, 0.000000,
                       0.735884, 0.421972, 0.529542, 0.000000,
                      -0.303233, 0.904634,-0.299478, 0.000000,
                       0.051378, 0.072328, 0.007332, 1.000000;;
                    }
                    Frame humanrig_Thumb_Intermediate_R {
                      FrameTransformMatrix {
                         0.653639,-0.239654, 0.717860, 0.000000,
                        -0.032278, 0.938846, 0.342820, 0.000000,
                        -0.756118,-0.247252, 0.605931, 0.000000,
                        -0.000000, 0.041745,-0.000000, 1.000000;;
                      }
                      Frame humanrig_Thumb_Distal_R {
                        FrameTransformMatrix {
                           0.979884,-0.018945, 0.198668, 0.000000,
                           0.001309, 0.996072, 0.088533, 0.000000,
                          -0.199565,-0.086492, 0.976060, 0.000000,
                          -0.000000, 0.033446,-0.000000, 1.000000;;
                        }
                      } // End of humanrig_Thumb_Distal_R
                    } // End of humanrig_Thumb_Intermediate_R
                  } // End of humanrig_Thumb_Proximal_R
                } // End of humanrig_hand_R
              } // End of humanrig_lower_arm_R
            } // End of humanrig_upper_arm_R
          } // End of humanrig_shoulder_R
        } // End of humanrig_chest
      } // End of humanrig_spine
      Frame humanrig_upper_leg_L {
        FrameTransformMatrix {
           1.000000,-0.000000, 0.000000, 0.000000,
           0.000000,-0.999797,-0.020161, 0.000000,
           0.000000, 0.020161,-0.999828, 0.000000,
           0.178440,-0.002738, 0.000327, 1.000000;;
        }
        Frame humanrig_lower_leg_L {
          FrameTransformMatrix {
             1.000000,-0.000000, 0.000000, 0.000000,
             0.000000, 0.999996, 0.002718, 0.000000,
            -0.000000,-0.002718, 0.999996, 0.000000,
            -0.000000, 0.358104,-0.000000, 1.000000;;
          }
          Frame humanrig_foot_L {
            FrameTransformMatrix {
               1.000000,-0.000002,-0.000001, 0.000000,
               0.000000, 0.361968,-0.932191, 0.000000,
               0.000002, 0.932191, 0.361968, 0.000000,
               0.000000, 0.331530,-0.000000, 1.000000;;
            }
            Frame humanrig_toe_L {
              FrameTransformMatrix {
                -1.000000, 0.000003, 0.000009, 0.000000,
                 0.000001, 0.954718,-0.297512, 0.000000,
                -0.000009,-0.297512,-0.954718, 0.000000,
                -0.000000, 0.106157, 0.000000, 1.000000;;
              }
            } // End of humanrig_toe_L
          } // End of humanrig_foot_L
        } // End of humanrig_lower_leg_L
      } // End of humanrig_upper_leg_L
      Frame humanrig_upper_leg_R {
        FrameTransformMatrix {
           1.000000, 0.000000,-0.000000, 0.000000,
           0.000000,-0.999797,-0.020161, 0.000000,
          -0.000000, 0.020161,-0.999828, 0.000000,
          -0.178440,-0.002738, 0.000327, 1.000000;;
        }
        Frame humanrig_lower_leg_R {
          FrameTransformMatrix {
             1.000000,-0.000000,-0.000000, 0.000000,
             0.000000, 0.999996, 0.002718, 0.000000,
            -0.000000,-0.002718, 0.999996, 0.000000,
             0.000000, 0.358104,-0.000000, 1.000000;;
          }
          Frame humanrig_foot_R {
            FrameTransformMatrix {
               1.000000, 0.000002, 0.000001, 0.000000,
              -0.000000, 0.361968,-0.932191, 0.000000,
              -0.000002, 0.932191, 0.361968, 0.000000,
              -0.000000, 0.331530,-0.000000, 1.000000;;
            }
            Frame humanrig_toe_R {
              FrameTransformMatrix {
                -1.000000,-0.000003,-0.000009, 0.000000,
                -0.000001, 0.954718,-0.297512, 0.000000,
                 0.000009,-0.297512,-0.954718, 0.000000,
                 0.000000, 0.106157, 0.000000, 1.000000;;
              }
            } // End of humanrig_toe_R
          } // End of humanrig_foot_R
        } // End of humanrig_lower_leg_R
      } // End of humanrig_upper_leg_R
    } // End of humanrig_hips
    Frame knight_wepon {
      FrameTransformMatrix {
        -0.000000,-0.582301, 0.000000, 0.000000,
        -0.000000, 0.000000, 0.582301, 0.000000,
        -0.582301, 0.000000,-0.000000, 0.000000,
         0.000000,-0.000000, 0.000000, 1.000000;;
      }
      Mesh { // knight_wepon mesh
        5394;
        -1.419511; 3.383983; 0.182247;,
        -1.419511; 2.783983;-0.217753;,
        -1.419511; 2.783983; 0.182247;,
        -1.419511; 3.383983;-0.217753;,
        -1.419511; 2.783983;-0.217753;,
        -1.419511; 3.383983; 0.182247;,
        -1.319511; 3.583983; 0.182247;,
        -1.319511; 3.383983;-0.217753;,
        -1.319511; 3.383983; 0.182247;,
        -1.319511; 3.583983;-0.217753;,
        -1.319511; 3.383983;-0.217753;,
        -1.319511; 3.583983; 0.182247;,
        -1.219511; 3.783983; 0.182247;,
        -1.219511; 3.583983;-0.217753;,
        -1.219511; 3.583983; 0.182247;,
        -1.219511; 3.783983;-0.217753;,
        -1.219511; 3.583983;-0.217753;,
        -1.219511; 3.783983; 0.182247;,
        -1.119511; 3.983983; 0.182247;,
        -1.119511; 3.783983;-0.217753;,
        -1.119511; 3.783983; 0.182247;,
        -1.119511; 3.983983;-0.217753;,
        -1.119511; 3.783983;-0.217753;,
        -1.119511; 3.983983; 0.182247;,
        -1.019511; 4.083983; 0.182247;,
        -1.019511; 3.983983;-0.217753;,
        -1.019511; 3.983983; 0.182247;,
        -1.019511; 4.083983;-0.217753;,
        -1.019511; 3.983983;-0.217753;,
        -1.019511; 4.083983; 0.182247;,
        -0.919511; 4.183983; 0.182247;,
        -0.919511; 4.083983;-0.217753;,
        -0.919511; 4.083983; 0.182247;,
        -0.919511; 4.183983;-0.217753;,
        -0.919511; 4.083983;-0.217753;,
        -0.919511; 4.183983; 0.182247;,
        -0.819511; 4.283983; 0.182247;,
        -0.819511; 4.183983;-0.217753;,
        -0.819511; 4.183983; 0.182247;,
        -0.819511; 4.283983;-0.217753;,
        -0.819511; 4.183983;-0.217753;,
        -0.819511; 4.283983; 0.182247;,
        -0.719511; 4.383984; 0.182247;,
        -0.719511; 4.283983;-0.217753;,
        -0.719511; 4.283983; 0.182247;,
        -0.719511; 4.383984;-0.217753;,
        -0.719511; 4.283983;-0.217753;,
        -0.719511; 4.383984; 0.182247;,
        -0.619511; 0.783983;-0.517753;,
        -0.619511; 0.583983;-0.617753;,
        -0.619511; 0.583983;-0.517753;,
        -0.619511; 0.783983;-0.617753;,
        -0.619511; 0.583983;-0.617753;,
        -0.619511; 0.783983;-0.517753;,
        -0.519511; 0.883983;-0.517753;,
        -0.519511; 0.783983;-0.617753;,
        -0.519511; 0.783983;-0.517753;,
        -0.519511; 0.883983;-0.617753;,
        -0.519511; 0.783983;-0.617753;,
        -0.519511; 0.883983;-0.517753;,
        -0.519511; 3.383983; 0.682247;,
        -0.519511; 2.383983;-0.717753;,
        -0.519511; 2.383983; 0.682247;,
        -0.519511; 3.383983; 0.182247;,
        -0.519511; 2.383983;-0.717753;,
        -0.519511; 3.383983; 0.682247;,
        -0.519511; 3.383983;-0.217753;,
        -0.519511; 2.383983;-0.717753;,
        -0.519511; 3.383983; 0.182247;,
        -0.519511; 3.383983;-0.717753;,
        -0.519511; 2.383983;-0.717753;,
        -0.519511; 3.383983;-0.217753;,
        -0.519511; 3.483983; 0.182247;,
        -0.519511; 3.383983;-0.217753;,
        -0.519511; 3.383983; 0.182247;,
        -0.519511; 3.483983;-0.217753;,
        -0.519511; 3.383983;-0.217753;,
        -0.519511; 3.483983; 0.182247;,
        -0.519511; 3.783983; 0.082247;,
        -0.519511; 3.683983;-0.117753;,
        -0.519511; 3.683983; 0.082247;,
        -0.519511; 3.783983;-0.117753;,
        -0.519511; 3.683983;-0.117753;,
        -0.519511; 3.783983; 0.082247;,
        -0.519511; 4.583983; 0.182247;,
        -0.519511; 4.383984;-0.217753;,
        -0.519511; 4.383984; 0.182247;,
        -0.519511; 4.583983;-0.217753;,
        -0.519511; 4.383984;-0.217753;,
        -0.519511; 4.583983; 0.182247;,
        -0.419511; 0.983983;-0.517753;,
        -0.419511; 0.883983;-0.617753;,
        -0.419511; 0.883983;-0.517753;,
        -0.419511; 0.983983;-0.617753;,
        -0.419511; 0.883983;-0.617753;,
        -0.419511; 0.983983;-0.517753;,
        -0.419511; 1.483983; 0.582247;,
        -0.419511; 1.283983;-0.617753;,
        -0.419511; 1.283983; 0.582247;,
        -0.419511; 1.483983; 0.082247;,
        -0.419511; 1.283983;-0.617753;,
        -0.419511; 1.483983; 0.582247;,
        -0.419511; 1.483983;-0.117753;,
        -0.419511; 1.283983;-0.617753;,
        -0.419511; 1.483983; 0.082247;,
        -0.419511; 1.483983;-0.617753;,
        -0.419511; 1.283983;-0.617753;,
        -0.419511; 1.483983;-0.117753;,
        -0.419511; 2.083983; 0.282247;,
        -0.419511; 1.883983; 0.282247;,
        -0.419511; 1.883983; 0.382247;,
        -0.419511; 2.083983;-0.317753;,
        -0.419511; 1.883983;-0.417753;,
        -0.419511; 1.883983;-0.317753;,
        -0.419511; 2.183983; 0.382247;,
        -0.419511; 2.083983; 0.182247;,
        -0.419511; 2.083983; 0.282247;,
        -0.419511; 2.183983; 0.382247;,
        -0.419511; 2.083983; 0.282247;,
        -0.419511; 1.883983; 0.382247;,
        -0.419511; 2.183983; 0.182247;,
        -0.419511; 2.083983; 0.182247;,
        -0.419511; 2.183983; 0.382247;,
        -0.419511; 2.183983; 0.082247;,
        -0.419511; 1.483983;-0.117753;,
        -0.419511; 1.483983; 0.082247;,
        -0.419511; 2.183983;-0.117753;,
        -0.419511; 1.483983;-0.117753;,
        -0.419511; 2.183983; 0.082247;,
        -0.419511; 2.183983;-0.217753;,
        -0.419511; 2.083983;-0.317753;,
        -0.419511; 2.083983;-0.217753;,
        -0.419511; 2.183983;-0.417753;,
        -0.419511; 1.883983;-0.417753;,
        -0.419511; 2.083983;-0.317753;,
        -0.419511; 2.183983;-0.417753;,
        -0.419511; 2.083983;-0.317753;,
        -0.419511; 2.183983;-0.217753;,
        -0.419511; 2.283983; 0.582247;,
        -0.419511; 2.183983; 0.382247;,
        -0.419511; 2.183983; 0.582247;,
        -0.419511; 2.283983; 0.382247;,
        -0.419511; 2.183983; 0.382247;,
        -0.419511; 2.283983; 0.582247;,
        -0.419511; 2.283983; 0.182247;,
        -0.419511; 2.183983;-0.117753;,
        -0.419511; 2.183983; 0.082247;,
        -0.419511; 2.283983; 0.182247;,
        -0.419511; 2.183983;-0.217753;,
        -0.419511; 2.183983;-0.117753;,
        -0.419511; 2.283983; 0.182247;,
        -0.419511; 2.183983; 0.082247;,
        -0.419511; 2.183983; 0.182247;,
        -0.419511; 2.283983;-0.217753;,
        -0.419511; 2.183983;-0.217753;,
        -0.419511; 2.283983; 0.182247;,
        -0.419511; 2.283983;-0.417753;,
        -0.419511; 2.183983;-0.617753;,
        -0.419511; 2.183983;-0.417753;,
        -0.419511; 2.283983;-0.617753;,
        -0.419511; 2.183983;-0.617753;,
        -0.419511; 2.283983;-0.417753;,
        -0.419511; 3.683983; 0.082247;,
        -0.419511; 3.483983;-0.117753;,
        -0.419511; 3.483983; 0.082247;,
        -0.419511; 3.683983;-0.117753;,
        -0.419511; 3.483983;-0.117753;,
        -0.419511; 3.683983; 0.082247;,
        -0.319511; 0.583983;-0.517753;,
        -0.319511;-0.016017;-0.517753;,
        -0.319511;-0.016017;-0.117753;,
        -0.319511; 0.883983; 0.082247;,
        -0.319511;-0.016017; 0.082247;,
        -0.319511;-0.016017; 0.482247;,
        -0.319511; 0.883983;-0.117753;,
        -0.319511; 0.583983;-0.517753;,
        -0.319511;-0.016017;-0.117753;,
        -0.319511; 0.983983;-0.517753;,
        -0.319511; 0.583983;-0.517753;,
        -0.319511; 0.883983;-0.117753;,
        -0.319511; 0.983983;-0.517753;,
        -0.319511; 0.883983;-0.117753;,
        -0.319511; 0.883983; 0.082247;,
        -0.319511; 1.083983;-0.517753;,
        -0.319511; 0.983983;-0.517753;,
        -0.319511; 0.883983; 0.082247;,
        -0.319511; 1.083983;-0.517753;,
        -0.319511; 0.983983;-0.617753;,
        -0.319511; 0.983983;-0.517753;,
        -0.319511; 1.083983;-0.617753;,
        -0.319511; 0.983983;-0.617753;,
        -0.319511; 1.083983;-0.517753;,
        -0.319511; 1.283983; 0.482247;,
        -0.319511; 0.883983; 0.082247;,
        -0.319511;-0.016017; 0.482247;,
        -0.319511; 1.283983; 0.482247;,
        -0.319511; 1.083983;-0.517753;,
        -0.319511; 0.883983; 0.082247;,
        -0.319511; 1.283983;-0.517753;,
        -0.319511; 1.083983;-0.517753;,
        -0.319511; 1.283983; 0.482247;,
        -0.319511; 1.783983; 0.482247;,
        -0.319511; 1.483983; 0.082247;,
        -0.319511; 1.483983; 0.482247;,
        -0.319511; 1.783983; 0.382247;,
        -0.319511; 1.483983; 0.082247;,
        -0.319511; 1.783983; 0.482247;,
        -0.319511; 1.783983;-0.417753;,
        -0.319511; 1.483983;-0.517753;,
        -0.319511; 1.483983;-0.117753;,
        -0.319511; 1.783983;-0.517753;,
        -0.319511; 1.483983;-0.517753;,
        -0.319511; 1.783983;-0.417753;,
        -0.319511; 1.883983; 0.582247;,
        -0.319511; 1.783983; 0.482247;,
        -0.319511; 1.783983; 0.582247;,
        -0.319511; 1.883983; 0.582247;,
        -0.319511; 1.783983; 0.382247;,
        -0.319511; 1.783983; 0.482247;,
        -0.319511; 1.883983; 0.482247;,
        -0.319511; 1.783983; 0.382247;,
        -0.319511; 1.883983; 0.582247;,
        -0.319511; 1.883983; 0.382247;,
        -0.319511; 1.483983; 0.082247;,
        -0.319511; 1.783983; 0.382247;,
        -0.319511; 1.883983; 0.382247;,
        -0.319511; 1.783983; 0.382247;,
        -0.319511; 1.883983; 0.482247;,
        -0.319511; 1.883983; 0.282247;,
        -0.319511; 1.483983; 0.082247;,
        -0.319511; 1.883983; 0.382247;,
        -0.319511; 1.883983;-0.317753;,
        -0.319511; 1.783983;-0.417753;,
        -0.319511; 1.483983;-0.117753;,
        -0.319511; 1.883983;-0.417753;,
        -0.319511; 1.783983;-0.517753;,
        -0.319511; 1.783983;-0.417753;,
        -0.319511; 1.883983;-0.417753;,
        -0.319511; 1.783983;-0.417753;,
        -0.319511; 1.883983;-0.317753;,
        -0.319511; 1.883983;-0.417753;,
        -0.319511; 1.783983;-0.617753;,
        -0.319511; 1.783983;-0.517753;,
        -0.319511; 1.883983;-0.517753;,
        -0.319511; 1.783983;-0.617753;,
        -0.319511; 1.883983;-0.417753;,
        -0.319511; 1.883983;-0.617753;,
        -0.319511; 1.783983;-0.617753;,
        -0.319511; 1.883983;-0.517753;,
        -0.319511; 2.083983; 0.282247;,
        -0.319511; 1.483983; 0.082247;,
        -0.319511; 1.883983; 0.282247;,
        -0.319511; 2.083983; 0.182247;,
        -0.319511; 1.483983; 0.082247;,
        -0.319511; 2.083983; 0.282247;,
        -0.319511; 2.083983;-0.217753;,
        -0.319511; 1.883983;-0.317753;,
        -0.319511; 1.483983;-0.117753;,
        -0.319511; 2.083983;-0.317753;,
        -0.319511; 1.883983;-0.317753;,
        -0.319511; 2.083983;-0.217753;,
        -0.319511; 2.183983; 0.482247;,
        -0.319511; 1.883983; 0.382247;,
        -0.319511; 1.883983; 0.482247;,
        -0.319511; 2.183983; 0.382247;,
        -0.319511; 1.883983; 0.382247;,
        -0.319511; 2.183983; 0.482247;,
        -0.319511; 2.183983; 0.182247;,
        -0.319511; 1.483983; 0.082247;,
        -0.319511; 2.083983; 0.182247;,
        -0.319511; 2.183983; 0.082247;,
        -0.319511; 1.483983; 0.082247;,
        -0.319511; 2.183983; 0.182247;,
        -0.319511; 2.183983;-0.117753;,
        -0.319511; 2.083983;-0.217753;,
        -0.319511; 1.483983;-0.117753;,
        -0.319511; 2.183983;-0.217753;,
        -0.319511; 2.083983;-0.217753;,
        -0.319511; 2.183983;-0.117753;,
        -0.319511; 2.183983;-0.417753;,
        -0.319511; 1.883983;-0.517753;,
        -0.319511; 1.883983;-0.417753;,
        -0.319511; 2.183983;-0.517753;,
        -0.319511; 1.883983;-0.517753;,
        -0.319511; 2.183983;-0.417753;,
        -0.319511; 2.283983; 0.382247;,
        -0.319511; 2.183983; 0.182247;,
        -0.319511; 2.183983; 0.382247;,
        -0.319511; 2.283983; 0.182247;,
        -0.319511; 2.183983; 0.182247;,
        -0.319511; 2.283983; 0.382247;,
        -0.319511; 2.283983;-0.217753;,
        -0.319511; 2.183983;-0.417753;,
        -0.319511; 2.183983;-0.217753;,
        -0.319511; 2.283983;-0.417753;,
        -0.319511; 2.183983;-0.417753;,
        -0.319511; 2.283983;-0.217753;,
        -0.319511; 4.683983; 0.182247;,
        -0.319511; 4.583983;-0.217753;,
        -0.319511; 4.583983; 0.182247;,
        -0.319511; 4.683983;-0.217753;,
        -0.319511; 4.583983;-0.217753;,
        -0.319511; 4.683983; 0.182247;,
        -0.219511; 1.183983;-0.517753;,
        -0.219511; 1.083983;-0.617753;,
        -0.219511; 1.083983;-0.517753;,
        -0.219511; 1.183983;-0.617753;,
        -0.219511; 1.083983;-0.617753;,
        -0.219511; 1.183983;-0.517753;,
        -0.219511; 1.783983; 0.582247;,
        -0.219511; 1.683983; 0.482247;,
        -0.219511; 1.683983; 0.582247;,
        -0.219511; 1.783983; 0.482247;,
        -0.219511; 1.683983; 0.482247;,
        -0.219511; 1.783983; 0.582247;,
        -0.219511; 1.783983;-0.517753;,
        -0.219511; 1.683983;-0.617753;,
        -0.219511; 1.683983;-0.517753;,
        -0.219511; 1.783983;-0.617753;,
        -0.219511; 1.683983;-0.617753;,
        -0.219511; 1.783983;-0.517753;,
        -0.219511; 2.083983; 2.882247;,
        -0.219511; 1.883983; 2.682247;,
        -0.219511; 1.883983; 2.882247;,
        -0.219511; 2.083983; 2.682247;,
        -0.219511; 1.883983; 2.682247;,
        -0.219511; 2.083983; 2.882247;,
        -0.219511; 2.383983; 0.382247;,
        -0.219511; 2.283983; 0.182247;,
        -0.219511; 2.283983; 0.382247;,
        -0.219511; 2.383983; 0.382247;,
        -0.219511; 2.283983;-0.417753;,
        -0.219511; 2.283983;-0.217753;,
        -0.219511; 2.383983; 0.382247;,
        -0.219511; 2.283983;-0.217753;,
        -0.219511; 2.283983; 0.182247;,
        -0.219511; 2.383983;-0.417753;,
        -0.219511; 2.283983;-0.417753;,
        -0.219511; 2.383983; 0.382247;,
        -0.219511; 4.783983; 0.182247;,
        -0.219511; 4.683983;-0.217753;,
        -0.219511; 4.683983; 0.182247;,
        -0.219511; 4.783983;-0.217753;,
        -0.219511; 4.683983;-0.217753;,
        -0.219511; 4.783983; 0.182247;,
        -0.119511; 1.283983;-0.517753;,
        -0.119511; 1.183983;-0.617753;,
        -0.119511; 1.183983;-0.517753;,
        -0.119511; 1.283983;-0.617753;,
        -0.119511; 1.183983;-0.617753;,
        -0.119511; 1.283983;-0.517753;,
        -0.119511; 1.683983; 0.582247;,
        -0.119511; 1.583983; 0.482247;,
        -0.119511; 1.583983; 0.582247;,
        -0.119511; 1.683983; 0.482247;,
        -0.119511; 1.583983; 0.482247;,
        -0.119511; 1.683983; 0.582247;,
        -0.119511; 1.683983;-0.517753;,
        -0.119511; 1.583983;-0.617753;,
        -0.119511; 1.583983;-0.517753;,
        -0.119511; 1.683983;-0.617753;,
        -0.119511; 1.583983;-0.617753;,
        -0.119511; 1.683983;-0.517753;,
        -0.119511; 1.983983; 2.582247;,
        -0.119511; 1.883983; 2.582247;,
        -0.119511; 1.883983; 2.682247;,
        -0.119511; 2.083983; 2.982247;,
        -0.119511; 1.883983; 2.882247;,
        -0.119511; 1.883983; 2.982247;,
        -0.119511; 2.083983; 2.882247;,
        -0.119511; 1.883983; 2.882247;,
        -0.119511; 2.083983; 2.982247;,
        -0.119511; 2.083983; 2.682247;,
        -0.119511; 1.983983; 2.582247;,
        -0.119511; 1.883983; 2.682247;,
        -0.119511; 2.083983; 2.582247;,
        -0.119511; 1.983983; 2.482247;,
        -0.119511; 1.983983; 2.582247;,
        -0.119511; 2.083983; 2.582247;,
        -0.119511; 1.983983; 2.582247;,
        -0.119511; 2.083983; 2.682247;,
        -0.119511; 2.083983;-2.617753;,
        -0.119511; 1.983983;-2.617753;,
        -0.119511; 1.983983;-2.517753;,
        -0.119511; 2.283983; 2.982247;,
        -0.119511; 2.083983; 2.882247;,
        -0.119511; 2.083983; 2.982247;,
        -0.119511; 2.283983; 2.982247;,
        -0.119511; 2.083983; 2.682247;,
        -0.119511; 2.083983; 2.882247;,
        -0.119511; 2.283983; 2.982247;,
        -0.119511; 2.083983; 2.582247;,
        -0.119511; 2.083983; 2.682247;,
        -0.119511; 2.283983; 2.582247;,
        -0.119511; 1.983983; 2.482247;,
        -0.119511; 2.083983; 2.582247;,
        -0.119511; 2.283983; 2.582247;,
        -0.119511; 2.083983; 2.582247;,
        -0.119511; 2.283983; 2.982247;,
        -0.119511; 2.283983; 2.482247;,
        -0.119511; 1.983983; 2.282247;,
        -0.119511; 1.983983; 2.482247;,
        -0.119511; 2.283983; 2.482247;,
        -0.119511; 1.983983; 2.482247;,
        -0.119511; 2.283983; 2.582247;,
        -0.119511; 2.283983; 2.282247;,
        -0.119511; 1.983983; 2.182247;,
        -0.119511; 1.983983; 2.282247;,
        -0.119511; 2.283983; 2.282247;,
        -0.119511; 1.983983; 2.282247;,
        -0.119511; 2.283983; 2.482247;,
        -0.119511; 2.283983; 2.182247;,
        -0.119511; 1.983983; 1.982247;,
        -0.119511; 1.983983; 2.182247;,
        -0.119511; 2.283983; 2.182247;,
        -0.119511; 1.983983; 2.182247;,
        -0.119511; 2.283983; 2.282247;,
        -0.119511; 2.283983; 1.982247;,
        -0.119511; 1.983983; 1.882247;,
        -0.119511; 1.983983; 1.982247;,
        -0.119511; 2.283983; 1.982247;,
        -0.119511; 1.983983; 1.982247;,
        -0.119511; 2.283983; 2.182247;,
        -0.119511; 2.283983; 1.882247;,
        -0.119511; 1.983983; 1.682247;,
        -0.119511; 1.983983; 1.882247;,
        -0.119511; 2.283983; 1.882247;,
        -0.119511; 1.983983; 1.882247;,
        -0.119511; 2.283983; 1.982247;,
        -0.119511; 2.283983; 1.682247;,
        -0.119511; 1.983983; 1.582247;,
        -0.119511; 1.983983; 1.682247;,
        -0.119511; 2.283983; 1.682247;,
        -0.119511; 1.983983; 1.682247;,
        -0.119511; 2.283983; 1.882247;,
        -0.119511; 2.283983; 1.582247;,
        -0.119511; 1.983983; 1.382247;,
        -0.119511; 1.983983; 1.582247;,
        -0.119511; 2.283983; 1.582247;,
        -0.119511; 1.983983; 1.582247;,
        -0.119511; 2.283983; 1.682247;,
        -0.119511; 2.283983; 1.382247;,
        -0.119511; 1.983983; 1.282247;,
        -0.119511; 1.983983; 1.382247;,
        -0.119511; 2.283983; 1.382247;,
        -0.119511; 1.983983; 1.382247;,
        -0.119511; 2.283983; 1.582247;,
        -0.119511; 2.283983; 1.282247;,
        -0.119511; 1.983983; 1.082247;,
        -0.119511; 1.983983; 1.282247;,
        -0.119511; 2.283983; 1.282247;,
        -0.119511; 1.983983; 1.282247;,
        -0.119511; 2.283983; 1.382247;,
