xof 0303txt 0032

template XSkinMeshHeader {
  <3cf169ce-ff7c-44ab-93c0-f78f62d172e2>
  WORD nMaxSkinWeightsPerVertex;
  WORD nMaxSkinWeightsPerFace;
  WORD nBones;
}

template SkinWeights {
  <6f0d123b-bad2-4167-a0d0-80224f25fabb>
  STRING transformNodeName;
  DWORD nWeights;
  array DWORD vertexIndices[nWeights];
  array float weights[nWeights];
  Matrix4x4 matrixOffset;
}

Frame Root {
  FrameTransformMatrix {
     1.000000, 0.000000, 0.000000, 0.000000,
     0.000000,-0.000000, 1.000000, 0.000000,
     0.000000, 1.000000, 0.000000, 0.000000,
     0.000000, 0.000000, 0.000000, 1.000000;;
  }
  Frame humanrig {
    FrameTransformMatrix {
      -0.000000, 1.667165, 0.000000, 0.000000,
      -1.667165,-0.000000, 0.000000, 0.000000,
       0.000000, 0.000000, 1.667165, 0.000000,
       0.000000, 0.000000, 0.000000, 1.000000;;
    }
    Frame humanrig_hips {
      FrameTransformMatrix {
         1.000000, 0.000000,-0.000000, 0.000000,
         0.000000, 0.016565, 0.999863, 0.000000,
         0.000000,-0.999863, 0.016565, 0.000000,
         0.000000, 0.000000, 0.739801, 1.000000;;
      }
      Frame humanrig_spine {
        FrameTransformMatrix {
           1.000000,-0.000000, 0.000000, 0.000000,
           0.000000, 0.999983,-0.005824, 0.000000,
           0.000000, 0.005824, 0.999983, 0.000000,
          -0.000000, 0.125283, 0.000000, 1.000000;;
        }
        Frame humanrig_chest {
          FrameTransformMatrix {
             1.000000, 0.000000, 0.000000, 0.000000,
            -0.000000, 0.999953, 0.009675, 0.000000,
             0.000000,-0.009675, 0.999953, 0.000000,
            -0.000000, 0.170537, 0.000000, 1.000000;;
          }
          Frame humanrig_neck {
            FrameTransformMatrix {
               1.000000, 0.000000, 0.000000, 0.000000,
              -0.000000, 0.999832, 0.018315, 0.000000,
               0.000000,-0.018315, 0.999832, 0.000000,
              -0.000000, 0.259149, 0.000096, 1.000000;;
            }
            Frame humanrig_head {
              FrameTransformMatrix {
                 1.000000,-0.000000, 0.000000, 0.000000,
                 0.000000, 0.999984,-0.005602, 0.000000,
                -0.000000, 0.005602, 0.999984, 0.000000,
                -0.000000, 0.059000, 0.000000, 1.000000;;
              }
            } // End of humanrig_head
          } // End of humanrig_neck
          Frame humanrig_shoulder_L {
            FrameTransformMatrix {
               0.024636,-0.012522, 0.999618, 0.000000,
               0.999536,-0.017619,-0.024854, 0.000000,
               0.017924, 0.999766, 0.012082, 0.000000,
               0.074670, 0.235241,-0.015794, 1.000000;;
            }
            Frame humanrig_upper_arm_L {
              FrameTransformMatrix {
                -0.108335,-0.009229,-0.994072, 0.000000,
                -0.030481, 0.999518,-0.005957, 0.000000,
                 0.993647, 0.029655,-0.108564, 0.000000,
                 0.001789, 0.060992, 0.001453, 1.000000;;
              }
              Frame humanrig_lower_arm_L {
                FrameTransformMatrix {
                   0.338513,-0.938484, 0.068235, 0.000000,
                   0.927348, 0.345027, 0.144850, 0.000000,
                  -0.159482, 0.014244, 0.987098, 0.000000,
                  -0.000000, 0.216696, 0.000000, 1.000000;;
                }
                Frame humanrig_hand_L {
                  FrameTransformMatrix {
                    -0.029173, 0.043204,-0.998640, 0.000000,
                     0.048565, 0.997947, 0.041756, 0.000000,
                     0.998394,-0.047281,-0.031211, 0.000000,
                     0.000000, 0.212858, 0.000000, 1.000000;;
                  }
                  Frame humanrig_Index_Proximal_L {
                    FrameTransformMatrix {
                      -0.982306,-0.171580,-0.075071, 0.000000,
                      -0.176443, 0.982242, 0.063778, 0.000000,
                       0.062795, 0.075895,-0.995137, 0.000000,
                      -0.031051, 0.085044,-0.004760, 1.000000;;
                    }
                    Frame humanrig_Index_Intermediate_L {
                      FrameTransformMatrix {
                         0.896382, 0.290729, 0.334629, 0.000000,
                        -0.187527, 0.932716,-0.308017, 0.000000,
                        -0.401664, 0.213349, 0.890589, 0.000000,
                         0.000000, 0.069626,-0.000000, 1.000000;;
                      }
                      Frame humanrig_Index_Distal_L {
                        FrameTransformMatrix {
                           0.981504, 0.109588, 0.156973, 0.000000,
                          -0.090067, 0.987869,-0.126499, 0.000000,
                          -0.168932, 0.110022, 0.979468, 0.000000,
                           0.000000, 0.045040,-0.000000, 1.000000;;
                        }
                      } // End of humanrig_Index_Distal_L
                    } // End of humanrig_Index_Intermediate_L
                  } // End of humanrig_Index_Proximal_L
                  Frame humanrig_Little_Proximal_L {
                    FrameTransformMatrix {
                      -0.984576, 0.165189,-0.057645, 0.000000,
                       0.162410, 0.985457, 0.049980, 0.000000,
                       0.065063, 0.039847,-0.997085, 0.000000,
                       0.026897, 0.079991,-0.007100, 1.000000;;
                    }
                    Frame humanrig_Little_Intermediate_L {
                      FrameTransformMatrix {
                         0.775972, 0.422446, 0.468409, 0.000000,
                        -0.013719, 0.753729,-0.657042, 0.000000,
                        -0.630618, 0.503420, 0.590669, 0.000000,
                         0.000000, 0.074802, 0.000000, 1.000000;;
                      }
                      Frame humanrig_Little_Distal_L {
                        FrameTransformMatrix {
                           0.992720, 0.081923, 0.088299, 0.000000,
                          -0.077621, 0.995673,-0.051101, 0.000000,
                          -0.092103, 0.043875, 0.994782, 0.000000,
                          -0.000000, 0.027876, 0.000000, 1.000000;;
                        }
                      } // End of humanrig_Little_Distal_L
                    } // End of humanrig_Little_Intermediate_L
                  } // End of humanrig_Little_Proximal_L
                  Frame humanrig_Middle_Proximal_L {
                    FrameTransformMatrix {
                      -0.994668,-0.089730,-0.050833, 0.000000,
                      -0.092005, 0.994771, 0.044333, 0.000000,
                       0.046590, 0.048774,-0.997723, 0.000000,
                      -0.003606, 0.085259,-0.008296, 1.000000;;
                    }
                    Frame humanrig_Middle_Intermediate_L {
                      FrameTransformMatrix {
                         0.866729, 0.284424, 0.409737, 0.000000,
                        -0.102286, 0.905375,-0.412108, 0.000000,
                        -0.488179, 0.315276, 0.813807, 0.000000,
                         0.000000, 0.068187,-0.000000, 1.000000;;
                      }
                      Frame humanrig_Middle_Distal_L {
                        FrameTransformMatrix {
                           0.953892, 0.189850, 0.232479, 0.000000,
                          -0.148405, 0.971566,-0.184488, 0.000000,
                          -0.260893, 0.141481, 0.954944, 0.000000,
                           0.000000, 0.049540, 0.000000, 1.000000;;
                        }
                      } // End of humanrig_Middle_Distal_L
                    } // End of humanrig_Middle_Intermediate_L
                  } // End of humanrig_Middle_Proximal_L
                  Frame humanrig_Ring_Proximal_L {
                    FrameTransformMatrix {
                      -0.999027, 0.037631,-0.023012, 0.000000,
                       0.037256, 0.999169, 0.016509, 0.000000,
                       0.023615, 0.015635,-0.999599, 0.000000,
                       0.011937, 0.083735,-0.008452, 1.000000;;
                    }
                    Frame humanrig_Ring_Intermediate_L {
                      FrameTransformMatrix {
                         0.823681, 0.320161, 0.468024, 0.000000,
                        -0.019403, 0.840791,-0.541012, 0.000000,
                        -0.566721, 0.436541, 0.698756, 0.000000,
                        -0.000000, 0.069797, 0.000000, 1.000000;;
                      }
                      Frame humanrig_Ring_Distal_L {
                        FrameTransformMatrix {
                           0.980292, 0.130548, 0.148274, 0.000000,
                          -0.116458, 0.988142,-0.100064, 0.000000,
                          -0.159579, 0.080824, 0.983871, 0.000000,
                          -0.000000, 0.044817,-0.000000, 1.000000;;
                        }
                      } // End of humanrig_Ring_Distal_L
                    } // End of humanrig_Ring_Intermediate_L
                  } // End of humanrig_Ring_Proximal_L
                  Frame humanrig_Thumb_Proximal_L {
                    FrameTransformMatrix {
                      -0.605413,-0.059807,-0.793661, 0.000000,
                      -0.735884, 0.421972, 0.529542, 0.000000,
                       0.303232, 0.904634,-0.299478, 0.000000,
                      -0.051378, 0.072328, 0.007332, 1.000000;;
                    }
                    Frame humanrig_Thumb_Intermediate_L {
                      FrameTransformMatrix {
                         0.653638, 0.239655,-0.717859, 0.000000,
                         0.032278, 0.938846, 0.342821, 0.000000,
                         0.756118,-0.247253, 0.605930, 0.000000,
                        -0.000000, 0.041745, 0.000000, 1.000000;;
                      }
                      Frame humanrig_Thumb_Distal_L {
                        FrameTransformMatrix {
                           0.979884, 0.018942,-0.198668, 0.000000,
                          -0.001306, 0.996073, 0.088531, 0.000000,
                           0.199564,-0.086491, 0.976060, 0.000000,
                           0.000000, 0.033446, 0.000000, 1.000000;;
                        }
                      } // End of humanrig_Thumb_Distal_L
                    } // End of humanrig_Thumb_Intermediate_L
                  } // End of humanrig_Thumb_Proximal_L
                } // End of humanrig_hand_L
              } // End of humanrig_lower_arm_L
            } // End of humanrig_upper_arm_L
          } // End of humanrig_shoulder_L
          Frame humanrig_shoulder_R {
            FrameTransformMatrix {
               0.024636, 0.012522,-0.999618, 0.000000,
              -0.999536,-0.017619,-0.024855, 0.000000,
              -0.017924, 0.999766, 0.012082, 0.000000,
              -0.074670, 0.235241,-0.015794, 1.000000;;
            }
            Frame humanrig_upper_arm_R {
              FrameTransformMatrix {
                -0.108335, 0.009229, 0.994072, 0.000000,
                 0.030481, 0.999518,-0.005957, 0.000000,
                -0.993647, 0.029655,-0.108564, 0.000000,
                -0.001789, 0.060992, 0.001453, 1.000000;;
              }
              Frame humanrig_lower_arm_R {
                FrameTransformMatrix {
                   0.995056, 0.055715,-0.082219, 0.000000,
                   0.092033,-0.206034, 0.974207, 0.000000,
                   0.037338,-0.976957,-0.210143, 0.000000,
                   0.000000, 0.216696, 0.000000, 1.000000;;
                }
                Frame humanrig_hand_R {
                  FrameTransformMatrix {
                    -0.029173,-0.043204, 0.998640, 0.000000,
                    -0.048565, 0.997947, 0.041756, 0.000000,
                    -0.998394,-0.047281,-0.031211, 0.000000,
                     0.000000, 0.212858, 0.000000, 1.000000;;
                  }
                  Frame humanrig_Index_Proximal_R {
                    FrameTransformMatrix {
                      -0.982306, 0.171580, 0.075071, 0.000000,
                       0.176443, 0.982242, 0.063778, 0.000000,
                      -0.062795, 0.075895,-0.995137, 0.000000,
                       0.031051, 0.085044,-0.004760, 1.000000;;
                    }
                    Frame humanrig_Index_Intermediate_R {
                      FrameTransformMatrix {
                         0.896381,-0.290729,-0.334629, 0.000000,
                         0.187527, 0.932716,-0.308017, 0.000000,
                         0.401664, 0.213349, 0.890589, 0.000000,
                         0.000000, 0.069626, 0.000000, 1.000000;;
                      }
                      Frame humanrig_Index_Distal_R {
                        FrameTransformMatrix {
                           0.981504,-0.109588,-0.156973, 0.000000,
                           0.090067, 0.987869,-0.126499, 0.000000,
                           0.168932, 0.110021, 0.979468, 0.000000,
                          -0.000000, 0.045040, 0.000000, 1.000000;;
                        }
                      } // End of humanrig_Index_Distal_R
                    } // End of humanrig_Index_Intermediate_R
                  } // End of humanrig_Index_Proximal_R
                  Frame humanrig_Little_Proximal_R {
                    FrameTransformMatrix {
                      -0.984576,-0.165189, 0.057645, 0.000000,
                      -0.162410, 0.985457, 0.049980, 0.000000,
                      -0.065063, 0.039847,-0.997085, 0.000000,
                      -0.026897, 0.079991,-0.007100, 1.000000;;
                    }
                    Frame humanrig_Little_Intermediate_R {
                      FrameTransformMatrix {
                         0.775972,-0.422446,-0.468409, 0.000000,
                         0.013719, 0.753730,-0.657042, 0.000000,
                         0.630618, 0.503419, 0.590669, 0.000000,
                         0.000000, 0.074802,-0.000000, 1.000000;;
                      }
                      Frame humanrig_Little_Distal_R {
                        FrameTransformMatrix {
                           0.992720,-0.081923,-0.088299, 0.000000,
                           0.077621, 0.995672,-0.051101, 0.000000,
                           0.092103, 0.043875, 0.994782, 0.000000,
                           0.000000, 0.027876,-0.000000, 1.000000;;
                        }
                      } // End of humanrig_Little_Distal_R
                    } // End of humanrig_Little_Intermediate_R
                  } // End of humanrig_Little_Proximal_R
                  Frame humanrig_Middle_Proximal_R {
                    FrameTransformMatrix {
                      -0.994668, 0.089730, 0.050833, 0.000000,
                       0.092005, 0.994771, 0.044333, 0.000000,
                      -0.046590, 0.048774,-0.997723, 0.000000,
                       0.003606, 0.085259,-0.008296, 1.000000;;
                    }
                    Frame humanrig_Middle_Intermediate_R {
                      FrameTransformMatrix {
                         0.866729,-0.284424,-0.409737, 0.000000,
                         0.102286, 0.905375,-0.412108, 0.000000,
                         0.488179, 0.315276, 0.813807, 0.000000,
                        -0.000000, 0.068187,-0.000000, 1.000000;;
                      }
                      Frame humanrig_Middle_Distal_R {
                        FrameTransformMatrix {
                           0.953892,-0.189850,-0.232479, 0.000000,
                           0.148405, 0.971566,-0.184488, 0.000000,
                           0.260893, 0.141481, 0.954944, 0.000000,
                          -0.000000, 0.049540,-0.000000, 1.000000;;
                        }
                      } // End of humanrig_Middle_Distal_R
                    } // End of humanrig_Middle_Intermediate_R
                  } // End of humanrig_Middle_Proximal_R
                  Frame humanrig_Ring_Proximal_R {
                    FrameTransformMatrix {
                      -0.999027,-0.037631, 0.023013, 0.000000,
                      -0.037256, 0.999170, 0.016509, 0.000000,
                      -0.023615, 0.015635,-0.999599, 0.000000,
                      -0.011937, 0.083735,-0.008452, 1.000000;;
                    }
                    Frame humanrig_Ring_Intermediate_R {
                      FrameTransformMatrix {
                         0.823681,-0.320161,-0.468024, 0.000000,
                         0.019403, 0.840791,-0.541012, 0.000000,
                         0.566721, 0.436541, 0.698756, 0.000000,
                         0.000000, 0.069797, 0.000000, 1.000000;;
                      }
                      Frame humanrig_Ring_Distal_R {
                        FrameTransformMatrix {
                           0.980292,-0.130548,-0.148274, 0.000000,
                           0.116458, 0.988142,-0.100064, 0.000000,
                           0.159579, 0.080824, 0.983871, 0.000000,
                          -0.000000, 0.044817, 0.000000, 1.000000;;
                        }
                      } // End of humanrig_Ring_Distal_R
                    } // End of humanrig_Ring_Intermediate_R
                  } // End of humanrig_Ring_Proximal_R
                  Frame humanrig_Thumb_Proximal_R {
                    FrameTransformMatrix {
                      -0.605413, 0.059807, 0.793661, 0.000000,
                       0.735884, 0.421972, 0.529542, 0.000000,
                      -0.303233, 0.904634,-0.299478, 0.000000,
                       0.051378, 0.072328, 0.007332, 1.000000;;
                    }
                    Frame humanrig_Thumb_Intermediate_R {
                      FrameTransformMatrix {
                         0.653638,-0.239655, 0.717859, 0.000000,
                        -0.032278, 0.938846, 0.342821, 0.000000,
                        -0.756118,-0.247253, 0.605930, 0.000000,
                         0.000000, 0.041745,-0.000000, 1.000000;;
                      }
                      Frame humanrig_Thumb_Distal_R {
                        FrameTransformMatrix {
                           0.979884,-0.018942, 0.198668, 0.000000,
                           0.001306, 0.996073, 0.088531, 0.000000,
                          -0.199564,-0.086491, 0.976060, 0.000000,
                          -0.000000, 0.033446,-0.000000, 1.000000;;
                        }
                      } // End of humanrig_Thumb_Distal_R
                    } // End of humanrig_Thumb_Intermediate_R
                  } // End of humanrig_Thumb_Proximal_R
                } // End of humanrig_hand_R
              } // End of humanrig_lower_arm_R
            } // End of humanrig_upper_arm_R
          } // End of humanrig_shoulder_R
        } // End of humanrig_chest
      } // End of humanrig_spine
      Frame humanrig_upper_leg_L {
        FrameTransformMatrix {
           1.000000,-0.000000, 0.000000, 0.000000,
           0.000000,-0.999797,-0.020161, 0.000000,
           0.000000, 0.020161,-0.999828, 0.000000,
           0.098000,-0.002738, 0.000327, 1.000000;;
        }
        Frame humanrig_lower_leg_L {
          FrameTransformMatrix {
             1.000000,-0.000000, 0.000000, 0.000000,
             0.000000, 0.999996, 0.002718, 0.000000,
            -0.000000,-0.002718, 0.999996, 0.000000,
            -0.000000, 0.358104, 0.000000, 1.000000;;
          }
          Frame humanrig_foot_L {
            FrameTransformMatrix {
               1.000000,-0.000001,-0.000000, 0.000000,
               0.000000, 0.361968,-0.932191, 0.000000,
               0.000001, 0.932191, 0.361968, 0.000000,
              -0.000000, 0.331530, 0.000000, 1.000000;;
            }
            Frame humanrig_toe_L {
              FrameTransformMatrix {
                -1.000000, 0.000001, 0.000003, 0.000000,
                 0.000000, 0.954718,-0.297512, 0.000000,
                -0.000003,-0.297512,-0.954718, 0.000000,
                 0.000000, 0.106157, 0.000000, 1.000000;;
              }
            } // End of humanrig_toe_L
          } // End of humanrig_foot_L
        } // End of humanrig_lower_leg_L
      } // End of humanrig_upper_leg_L
      Frame humanrig_upper_leg_R {
        FrameTransformMatrix {
           1.000000, 0.000000,-0.000000, 0.000000,
           0.000000,-0.999797,-0.020161, 0.000000,
          -0.000000, 0.020161,-0.999828, 0.000000,
          -0.098000,-0.002738, 0.000327, 1.000000;;
        }
        Frame humanrig_lower_leg_R {
          FrameTransformMatrix {
             1.000000,-0.000000,-0.000000, 0.000000,
             0.000000, 0.999996, 0.002718, 0.000000,
            -0.000000,-0.002718, 0.999996, 0.000000,
             0.000000, 0.358104, 0.000000, 1.000000;;
          }
          Frame humanrig_foot_R {
            FrameTransformMatrix {
               1.000000, 0.000001, 0.000000, 0.000000,
              -0.000000, 0.361968,-0.932191, 0.000000,
              -0.000001, 0.932191, 0.361968, 0.000000,
               0.000000, 0.331530, 0.000000, 1.000000;;
            }
            Frame humanrig_toe_R {
              FrameTransformMatrix {
                -1.000000,-0.000001,-0.000003, 0.000000,
                -0.000000, 0.954718,-0.297512, 0.000000,
                 0.000003,-0.297512,-0.954718, 0.000000,
                -0.000000, 0.106157, 0.000000, 1.000000;;
              }
            } // End of humanrig_toe_R
          } // End of humanrig_foot_R
        } // End of humanrig_lower_leg_R
      } // End of humanrig_upper_leg_R
    } // End of humanrig_hips
    Frame enemy_wepon {
      FrameTransformMatrix {
        -0.000000,-0.599821, 0.000000, 0.000000,
        -0.000000, 0.000000, 0.599821, 0.000000,
        -0.599821, 0.000000,-0.000000, 0.000000,
        -0.002789, 0.000386, 0.002354, 1.000000;;
      }
      Mesh { // enemy_wepon mesh
        2862;
        -0.660205; 0.979342; 0.681910;,
        -0.660205; 0.879342;-0.718091;,
        -0.660205; 0.879342; 0.681910;,
        -0.660205; 0.979342;-0.718091;,
        -0.660205; 0.879342;-0.718091;,
        -0.660205; 0.979342; 0.681910;,
        -0.660205; 2.979342; 0.581909;,
        -0.660205; 2.879342;-0.618090;,
        -0.660205; 2.879342; 0.581909;,
        -0.660205; 2.979342;-0.618090;,
        -0.660205; 2.879342;-0.618090;,
        -0.660205; 2.979342; 0.581909;,
        -0.660205; 3.079342; 0.981910;,
        -0.660205; 2.979342;-0.618090;,
        -0.660205; 2.979342; 0.581909;,
        -0.660205; 3.079342; 0.981910;,
        -0.660205; 2.979342;-1.018090;,
        -0.660205; 2.979342;-0.618090;,
        -0.660205; 3.079342; 0.981910;,
        -0.660205; 2.979342; 0.581909;,
        -0.660205; 2.979342; 0.981910;,
        -0.660205; 3.079342; 0.881910;,
        -0.660205; 2.979342;-1.018090;,
        -0.660205; 3.079342; 0.981910;,
        -0.660205; 3.079342; 0.781909;,
        -0.660205; 2.979342;-1.018090;,
        -0.660205; 3.079342; 0.881910;,
        -0.660205; 3.079342;-0.818090;,
        -0.660205; 2.979342;-1.018090;,
        -0.660205; 3.079342; 0.781909;,
        -0.660205; 3.079342;-0.918091;,
        -0.660205; 2.979342;-1.018090;,
        -0.660205; 3.079342;-0.818090;,
        -0.660205; 3.079342;-1.018090;,
        -0.660205; 2.979342;-1.018090;,
        -0.660205; 3.079342;-0.918091;,
        -0.660205; 3.179342; 0.981910;,
        -0.660205; 3.079342; 0.981910;,
        -0.660205; 3.079342; 1.081910;,
        -0.660205; 3.179342; 0.981910;,
        -0.660205; 3.079342; 0.881910;,
        -0.660205; 3.079342; 0.981910;,
        -0.660205; 3.179342; 0.881910;,
        -0.660205; 3.079342; 0.881910;,
        -0.660205; 3.179342; 0.981910;,
        -0.660205; 3.179342; 0.781909;,
        -0.660205; 3.079342;-0.818090;,
        -0.660205; 3.079342; 0.781909;,
        -0.660205; 3.179342; 0.681910;,
        -0.660205; 3.079342;-0.818090;,
        -0.660205; 3.179342; 0.781909;,
        -0.660205; 3.179342;-0.718091;,
        -0.660205; 3.079342;-0.818090;,
        -0.660205; 3.179342; 0.681910;,
        -0.660205; 3.179342;-0.818090;,
        -0.660205; 3.079342;-0.818090;,
        -0.660205; 3.179342;-0.718091;,
        -0.660205; 3.179342;-0.918091;,
        -0.660205; 3.079342;-1.118090;,
        -0.660205; 3.079342;-1.018090;,
        -0.660205; 3.179342;-0.918091;,
        -0.660205; 3.079342;-1.018090;,
        -0.660205; 3.079342;-0.918091;,
        -0.660205; 3.179342;-1.018090;,
        -0.660205; 3.079342;-1.118090;,
        -0.660205; 3.179342;-0.918091;,
        -0.660205; 3.279342; 0.981910;,
        -0.660205; 3.179342; 0.981910;,
        -0.660205; 3.079342; 1.081910;,
        -0.660205; 3.279342; 0.681910;,
        -0.660205; 3.179342;-0.718091;,
        -0.660205; 3.179342; 0.681910;,
        -0.660205; 3.279342;-0.718091;,
        -0.660205; 3.179342;-0.718091;,
        -0.660205; 3.279342; 0.681910;,
        -0.660205; 3.279342;-1.018090;,
        -0.660205; 3.079342;-1.118090;,
        -0.660205; 3.179342;-1.018090;,
        -0.660205; 3.379342; 1.081910;,
        -0.660205; 3.279342; 0.881910;,
        -0.660205; 3.279342; 0.981910;,
        -0.660205; 3.379342; 1.081910;,
        -0.660205; 3.279342; 0.981910;,
        -0.660205; 3.079342; 1.081910;,
        -0.660205; 3.379342; 0.881910;,
        -0.660205; 3.279342; 0.881910;,
        -0.660205; 3.379342; 1.081910;,
        -0.660205; 3.379342;-0.918091;,
        -0.660205; 3.279342;-1.018090;,
        -0.660205; 3.279342;-0.918091;,
        -0.660205; 3.379342;-1.118090;,
        -0.660205; 3.079342;-1.118090;,
        -0.660205; 3.279342;-1.018090;,
        -0.660205; 3.379342;-1.118090;,
        -0.660205; 3.279342;-1.018090;,
        -0.660205; 3.379342;-0.918091;,
        -0.560205; 1.079342; 0.481910;,
        -0.560205; 0.979342; 0.381910;,
        -0.560205; 0.979342; 0.581909;,
        -0.560205; 1.079342; 0.381910;,
        -0.560205; 0.979342; 0.281909;,
        -0.560205; 0.979342; 0.381910;,
        -0.560205; 1.079342; 0.381910;,
        -0.560205; 0.979342; 0.381910;,
        -0.560205; 1.079342; 0.481910;,
        -0.560205; 1.079342; 0.281909;,
        -0.560205; 0.979342; 0.081909;,
        -0.560205; 0.979342; 0.281909;,
        -0.560205; 1.079342; 0.281909;,
        -0.560205; 0.979342; 0.281909;,
        -0.560205; 1.079342; 0.381910;,
        -0.560205; 1.079342; 0.081909;,
        -0.560205; 0.979342;-0.118090;,
        -0.560205; 0.979342; 0.081909;,
        -0.560205; 1.079342; 0.081909;,
        -0.560205; 0.979342; 0.081909;,
        -0.560205; 1.079342; 0.281909;,
        -0.560205; 1.079342;-0.118090;,
        -0.560205; 0.979342;-0.318090;,
        -0.560205; 0.979342;-0.118090;,
        -0.560205; 1.079342;-0.118090;,
        -0.560205; 0.979342;-0.118090;,
        -0.560205; 1.079342; 0.081909;,
        -0.560205; 1.079342;-0.318090;,
        -0.560205; 0.979342;-0.418091;,
        -0.560205; 0.979342;-0.318090;,
        -0.560205; 1.079342;-0.318090;,
        -0.560205; 0.979342;-0.318090;,
        -0.560205; 1.079342;-0.118090;,
        -0.560205; 1.079342;-0.418091;,
        -0.560205; 0.979342;-0.618090;,
        -0.560205; 0.979342;-0.418091;,
        -0.560205; 1.079342;-0.418091;,
        -0.560205; 0.979342;-0.418091;,
        -0.560205; 1.079342;-0.318090;,
        -0.560205; 1.079342;-0.518090;,
        -0.560205; 0.979342;-0.618090;,
        -0.560205; 1.079342;-0.418091;,
        -0.560205; 1.179342; 0.481910;,
        -0.560205; 1.079342; 0.481910;,
        -0.560205; 0.979342; 0.581909;,
        -0.560205; 1.179342; 0.481910;,
        -0.560205; 1.079342; 0.381910;,
        -0.560205; 1.079342; 0.481910;,
        -0.560205; 1.179342; 0.381910;,
        -0.560205; 1.079342; 0.281909;,
        -0.560205; 1.079342; 0.381910;,
        -0.560205; 1.179342; 0.381910;,
        -0.560205; 1.079342; 0.381910;,
        -0.560205; 1.179342; 0.481910;,
        -0.560205; 1.179342; 0.281909;,
        -0.560205; 1.079342;-0.318090;,
        -0.560205; 1.079342;-0.118090;,
        -0.560205; 1.179342; 0.281909;,
        -0.560205; 1.079342; 0.281909;,
        -0.560205; 1.179342; 0.381910;,
        -0.560205; 1.179342; 0.281909;,
        -0.560205; 1.079342; 0.081909;,
        -0.560205; 1.079342; 0.281909;,
        -0.560205; 1.179342; 0.281909;,
        -0.560205; 1.079342;-0.118090;,
        -0.560205; 1.079342; 0.081909;,
        -0.560205; 1.179342; 0.081909;,
        -0.560205; 1.079342;-0.318090;,
        -0.560205; 1.179342; 0.281909;,
        -0.560205; 1.179342;-0.118090;,
        -0.560205; 1.079342;-0.318090;,
        -0.560205; 1.179342; 0.081909;,
        -0.560205; 1.179342;-0.318090;,
        -0.560205; 1.079342;-0.418091;,
        -0.560205; 1.079342;-0.318090;,
        -0.560205; 1.179342;-0.318090;,
        -0.560205; 1.079342;-0.318090;,
        -0.560205; 1.179342;-0.118090;,
        -0.560205; 1.179342;-0.418091;,
        -0.560205; 1.079342;-0.518090;,
        -0.560205; 1.079342;-0.418091;,
        -0.560205; 1.179342;-0.418091;,
        -0.560205; 1.079342;-0.418091;,
        -0.560205; 1.179342;-0.318090;,
        -0.560205; 1.179342;-0.518090;,
        -0.560205; 0.979342;-0.618090;,
        -0.560205; 1.079342;-0.518090;,
        -0.560205; 1.179342;-0.518090;,
        -0.560205; 1.079342;-0.518090;,
        -0.560205; 1.179342;-0.418091;,
        -0.560205; 1.279342; 0.481910;,
        -0.560205; 1.179342; 0.381910;,
        -0.560205; 1.179342; 0.481910;,
        -0.560205; 1.279342; 0.481910;,
        -0.560205; 1.179342; 0.481910;,
        -0.560205; 0.979342; 0.581909;,
        -0.560205; 1.279342; 0.381910;,
        -0.560205; 1.179342; 0.281909;,
        -0.560205; 1.179342; 0.381910;,
        -0.560205; 1.279342; 0.381910;,
        -0.560205; 1.179342; 0.381910;,
        -0.560205; 1.279342; 0.481910;,
        -0.560205; 1.279342; 0.281909;,
        -0.560205; 1.179342; 0.081909;,
        -0.560205; 1.179342; 0.281909;,
        -0.560205; 1.279342; 0.281909;,
        -0.560205; 1.179342; 0.281909;,
        -0.560205; 1.279342; 0.381910;,
        -0.560205; 1.279342;-0.318090;,
        -0.560205; 1.179342;-0.418091;,
        -0.560205; 1.179342;-0.318090;,
        -0.560205; 1.279342;-0.318090;,
        -0.560205; 1.179342;-0.318090;,
        -0.560205; 1.179342;-0.118090;,
        -0.560205; 1.279342;-0.418091;,
        -0.560205; 1.179342;-0.518090;,
        -0.560205; 1.179342;-0.418091;,
        -0.560205; 1.279342;-0.418091;,
        -0.560205; 1.179342;-0.418091;,
        -0.560205; 1.279342;-0.318090;,
        -0.560205; 1.279342;-0.518090;,
        -0.560205; 0.979342;-0.618090;,
        -0.560205; 1.179342;-0.518090;,
        -0.560205; 1.279342;-0.518090;,
        -0.560205; 1.179342;-0.518090;,
        -0.560205; 1.279342;-0.418091;,
        -0.560205; 1.379342; 0.481910;,
        -0.560205; 1.279342; 0.481910;,
        -0.560205; 0.979342; 0.581909;,
        -0.560205; 1.379342; 0.481910;,
        -0.560205; 1.279342; 0.381910;,
        -0.560205; 1.279342; 0.481910;,
        -0.560205; 1.379342; 0.381910;,
        -0.560205; 1.279342; 0.281909;,
        -0.560205; 1.279342; 0.381910;,
        -0.560205; 1.379342; 0.381910;,
        -0.560205; 1.279342; 0.381910;,
        -0.560205; 1.379342; 0.481910;,
        -0.560205; 1.379342; 0.281909;,
        -0.560205; 1.179342; 0.081909;,
        -0.560205; 1.279342; 0.281909;,
        -0.560205; 1.379342; 0.281909;,
        -0.560205; 1.279342; 0.281909;,
        -0.560205; 1.379342; 0.381910;,
        -0.560205; 1.379342; 0.181910;,
        -0.560205; 1.179342; 0.081909;,
        -0.560205; 1.379342; 0.281909;,
        -0.560205; 1.379342; 0.081909;,
        -0.560205; 1.179342;-0.118090;,
        -0.560205; 1.179342; 0.081909;,
        -0.560205; 1.379342; 0.081909;,
        -0.560205; 1.179342; 0.081909;,
        -0.560205; 1.379342; 0.181910;,
        -0.560205; 1.379342;-0.118090;,
        -0.560205; 1.279342;-0.418091;,
        -0.560205; 1.279342;-0.318090;,
        -0.560205; 1.379342;-0.118090;,
        -0.560205; 1.179342;-0.118090;,
        -0.560205; 1.379342; 0.081909;,
        -0.560205; 1.379342;-0.118090;,
        -0.560205; 1.279342;-0.318090;,
        -0.560205; 1.179342;-0.118090;,
        -0.560205; 1.379342;-0.218091;,
        -0.560205; 1.279342;-0.418091;,
        -0.560205; 1.379342;-0.118090;,
        -0.560205; 1.379342;-0.318090;,
        -0.560205; 1.279342;-0.418091;,
        -0.560205; 1.379342;-0.218091;,
        -0.560205; 1.379342;-0.418091;,
        -0.560205; 1.279342;-0.518090;,
        -0.560205; 1.279342;-0.418091;,
        -0.560205; 1.379342;-0.418091;,
        -0.560205; 1.279342;-0.418091;,
        -0.560205; 1.379342;-0.318090;,
        -0.560205; 1.379342;-0.518090;,
        -0.560205; 0.979342;-0.618090;,
        -0.560205; 1.279342;-0.518090;,
        -0.560205; 1.379342;-0.518090;,
        -0.560205; 1.279342;-0.518090;,
        -0.560205; 1.379342;-0.418091;,
        -0.560205; 1.479342; 0.381910;,
        -0.560205; 1.379342; 0.381910;,
        -0.560205; 1.379342; 0.481910;,
        -0.560205; 1.479342; 0.381910;,
        -0.560205; 1.379342; 0.281909;,
        -0.560205; 1.379342; 0.381910;,
        -0.560205; 1.479342; 0.281909;,
        -0.560205; 1.379342; 0.181910;,
        -0.560205; 1.379342; 0.281909;,
        -0.560205; 1.479342; 0.281909;,
        -0.560205; 1.379342; 0.281909;,
        -0.560205; 1.479342; 0.381910;,
        -0.560205; 1.479342; 0.181910;,
        -0.560205; 1.379342; 0.081909;,
        -0.560205; 1.379342; 0.181910;,
        -0.560205; 1.479342; 0.181910;,
        -0.560205; 1.379342; 0.181910;,
        -0.560205; 1.479342; 0.281909;,
        -0.560205; 1.479342; 0.181910;,
        -0.560205; 1.379342;-0.118090;,
        -0.560205; 1.379342; 0.081909;,
        -0.560205; 1.479342; 0.181910;,
        -0.560205; 1.379342;-0.218091;,
        -0.560205; 1.379342;-0.118090;,
        -0.560205; 1.479342; 0.081909;,
        -0.560205; 1.379342;-0.218091;,
        -0.560205; 1.479342; 0.181910;,
        -0.560205; 1.479342;-0.118090;,
        -0.560205; 1.379342;-0.218091;,
        -0.560205; 1.479342; 0.081909;,
        -0.560205; 1.479342;-0.218091;,
        -0.560205; 1.379342;-0.318090;,
        -0.560205; 1.379342;-0.218091;,
        -0.560205; 1.479342;-0.218091;,
        -0.560205; 1.379342;-0.218091;,
        -0.560205; 1.479342;-0.118090;,
        -0.560205; 1.479342;-0.318090;,
        -0.560205; 1.379342;-0.418091;,
        -0.560205; 1.379342;-0.318090;,
        -0.560205; 1.479342;-0.318090;,
        -0.560205; 1.379342;-0.318090;,
        -0.560205; 1.479342;-0.218091;,
        -0.560205; 1.479342;-0.418091;,
        -0.560205; 1.379342;-0.518090;,
        -0.560205; 1.379342;-0.418091;,
        -0.560205; 1.479342;-0.418091;,
        -0.560205; 1.379342;-0.418091;,
        -0.560205; 1.479342;-0.318090;,
        -0.560205; 1.579342; 0.281909;,
        -0.560205; 1.479342; 0.281909;,
        -0.560205; 1.479342; 0.381910;,
        -0.560205; 1.579342; 0.281909;,
        -0.560205; 1.479342; 0.181910;,
        -0.560205; 1.479342; 0.281909;,
        -0.560205; 1.579342; 0.181910;,
        -0.560205; 1.479342; 0.081909;,
        -0.560205; 1.479342; 0.181910;,
        -0.560205; 1.579342; 0.181910;,
        -0.560205; 1.479342; 0.181910;,
        -0.560205; 1.579342; 0.281909;,
        -0.560205; 1.579342;-0.218091;,
        -0.560205; 1.479342;-0.318090;,
        -0.560205; 1.479342;-0.218091;,
        -0.560205; 1.579342;-0.218091;,
        -0.560205; 1.479342;-0.218091;,
        -0.560205; 1.479342;-0.118090;,
        -0.560205; 1.579342;-0.318090;,
        -0.560205; 1.479342;-0.418091;,
        -0.560205; 1.479342;-0.318090;,
        -0.560205; 1.579342;-0.318090;,
        -0.560205; 1.479342;-0.318090;,
        -0.560205; 1.579342;-0.218091;,
        -0.560205; 1.679342; 0.181910;,
        -0.560205; 1.479342; 0.081909;,
        -0.560205; 1.579342; 0.181910;,
        -0.560205; 1.679342; 0.181910;,
        -0.560205; 1.579342; 0.181910;,
        -0.560205; 1.579342; 0.281909;,
        -0.560205; 1.679342; 0.081909;,
        -0.560205; 1.479342;-0.118090;,
        -0.560205; 1.479342; 0.081909;,
        -0.560205; 1.679342; 0.081909;,
        -0.560205; 1.479342; 0.081909;,
        -0.560205; 1.679342; 0.181910;,
        -0.560205; 1.679342;-0.118090;,
        -0.560205; 1.579342;-0.318090;,
        -0.560205; 1.579342;-0.218091;,
        -0.560205; 1.679342;-0.118090;,
        -0.560205; 1.479342;-0.118090;,
        -0.560205; 1.679342; 0.081909;,
        -0.560205; 1.679342;-0.118090;,
        -0.560205; 1.579342;-0.218091;,
        -0.560205; 1.479342;-0.118090;,
        -0.560205; 1.679342;-0.218091;,
        -0.560205; 1.579342;-0.318090;,
        -0.560205; 1.679342;-0.118090;,
        -0.560205; 1.779342; 0.281909;,
        -0.560205; 1.679342; 0.181910;,
        -0.560205; 1.579342; 0.281909;,
        -0.560205; 1.779342; 0.281909;,
        -0.560205; 1.579342; 0.281909;,
        -0.560205; 1.479342; 0.381910;,
        -0.560205; 1.779342; 0.181910;,
        -0.560205; 1.679342; 0.081909;,
        -0.560205; 1.679342; 0.181910;,
        -0.560205; 1.779342; 0.181910;,
        -0.560205; 1.679342; 0.181910;,
        -0.560205; 1.779342; 0.281909;,
        -0.560205; 1.779342; 0.181910;,
        -0.560205; 1.679342;-0.218091;,
        -0.560205; 1.679342;-0.118090;,
        -0.560205; 1.779342; 0.181910;,
        -0.560205; 1.679342;-0.118090;,
        -0.560205; 1.679342; 0.081909;,
        -0.560205; 1.779342; 0.081909;,
        -0.560205; 1.679342;-0.218091;,
        -0.560205; 1.779342; 0.181910;,
        -0.560205; 1.779342;-0.118090;,
        -0.560205; 1.679342;-0.218091;,
        -0.560205; 1.779342; 0.081909;,
        -0.560205; 1.779342;-0.218091;,
        -0.560205; 1.579342;-0.318090;,
        -0.560205; 1.679342;-0.218091;,
        -0.560205; 1.779342;-0.218091;,
        -0.560205; 1.679342;-0.218091;,
        -0.560205; 1.779342;-0.118090;,
        -0.560205; 1.779342;-0.318090;,
        -0.560205; 1.479342;-0.418091;,
        -0.560205; 1.579342;-0.318090;,
        -0.560205; 1.779342;-0.318090;,
        -0.560205; 1.579342;-0.318090;,
        -0.560205; 1.779342;-0.218091;,
        -0.560205; 1.879342; 0.381910;,
        -0.560205; 1.479342; 0.381910;,
        -0.560205; 1.379342; 0.481910;,
        -0.560205; 1.879342; 0.381910;,
        -0.560205; 1.779342; 0.281909;,
        -0.560205; 1.479342; 0.381910;,
        -0.560205; 1.879342; 0.281909;,
        -0.560205; 1.779342; 0.181910;,
        -0.560205; 1.779342; 0.281909;,
        -0.560205; 1.879342; 0.281909;,
        -0.560205; 1.779342; 0.281909;,
        -0.560205; 1.879342; 0.381910;,
        -0.560205; 1.879342; 0.181910;,
        -0.560205; 1.779342; 0.081909;,
        -0.560205; 1.779342; 0.181910;,
        -0.560205; 1.879342; 0.181910;,
        -0.560205; 1.779342; 0.181910;,
        -0.560205; 1.879342; 0.281909;,
        -0.560205; 1.879342; 0.081909;,
        -0.560205; 1.779342;-0.118090;,
        -0.560205; 1.779342; 0.081909;,
        -0.560205; 1.879342; 0.081909;,
        -0.560205; 1.779342; 0.081909;,
        -0.560205; 1.879342; 0.181910;,
        -0.560205; 1.879342;-0.118090;,
        -0.560205; 1.779342;-0.218091;,
        -0.560205; 1.779342;-0.118090;,
        -0.560205; 1.879342;-0.118090;,
        -0.560205; 1.779342;-0.118090;,
        -0.560205; 1.879342; 0.081909;,
        -0.560205; 1.879342;-0.218091;,
        -0.560205; 1.779342;-0.318090;,
        -0.560205; 1.779342;-0.218091;,
        -0.560205; 1.879342;-0.218091;,
        -0.560205; 1.779342;-0.218091;,
        -0.560205; 1.879342;-0.118090;,
        -0.560205; 1.879342;-0.318090;,
        -0.560205; 1.479342;-0.418091;,
        -0.560205; 1.779342;-0.318090;,
        -0.560205; 1.879342;-0.318090;,
        -0.560205; 1.779342;-0.318090;,
        -0.560205; 1.879342;-0.218091;,
        -0.560205; 1.879342;-0.418091;,
        -0.560205; 1.379342;-0.518090;,
        -0.560205; 1.479342;-0.418091;,
        -0.560205; 1.879342;-0.418091;,
        -0.560205; 1.479342;-0.418091;,
